   1   2018/10/19   00:39:36.000   16.8700   -100.0500     5.00    4.10  1.0000    72.0300      20181019003936.00
   2   2018/10/19   00:47:57.440   16.8700   -100.0500     5.00    2.33  0.3223    23.2200      20181019003936.00
   3   2018/10/19   01:31:59.900   16.8800   -100.7900     1.00    1.62  0.2023    15.8000      20180608043253.00
   4   2018/10/19   01:34:39.760   16.9300   -100.3700    24.00    2.24  0.2736    19.1900      20180726005704.00
   5   2018/10/19   02:05:45.660   17.3600   -101.4900     5.00    2.41  0.2389    16.2900      20171214115235.00
   6   2018/10/19   02:16:34.180   17.0500   -101.2300    14.10    3.25  0.2113    15.8700      20171217105708.00
   7   2018/10/19   04:50:45.620   16.8700   -100.0500     5.00    2.36  0.3581    25.7900      20181019003936.00
   8   2018/10/19   06:08:30.480   16.8700   -100.0500     5.00    2.34  0.3767    27.1300      20181019003936.00
   9   2018/10/19   07:13:40.420   16.3600   -100.7100    16.10    2.15  0.4358    33.8000      20180802125507.00
  10   2018/10/19   07:41:16.980   17.6900   -101.0800    57.80    3.56  0.2312    19.7500      20180906060909.00
  11   2018/10/19   09:25:52.720   17.3100   -101.6300     8.00    2.78  0.2222    15.2700      20180823073727.00
  12   2018/10/19   09:46:32.460   16.9300   -100.3700    24.00    2.23  0.2627    18.4200      20180726005704.00
  13   2018/10/19   10:23:15.880   17.1900   -100.3500     5.00    1.83  0.2083    15.1800      20180809105016.00
  14   2018/10/19   10:55:08.480   17.4400   -101.5100     6.80    2.22  0.2324    15.9900      20180929112959.00
  15   2018/10/19   11:36:58.240   16.8700   -100.0500     5.00    2.28  0.4609    33.1900      20181019003936.00
  16   2018/10/19   12:31:49.000   17.3000   -100.8300    43.40    3.70  0.8301    68.3800      20181019123149.00
  17   2018/10/19   12:59:37.300   16.8700   -100.0500     5.00    2.44  0.5890    42.4300      20181019003936.00
  18   2018/10/19   13:41:04.800   17.2600   -101.1900    50.00    3.05  0.2112    15.8000      20180420070249.00
  19   2018/10/19   15:17:52.940   17.0300   -100.7000     6.00    1.30  0.2178    16.9500      20180608035650.00
  20   2018/10/19   15:53:43.880   16.3000   -100.7100     6.00    2.08  0.1818    15.7300      20171130213459.00
  21   2018/10/19   19:16:01.640   17.2700   -101.0400    34.20    2.69  0.2854    22.4800      20171214054549.00
  22   2018/10/19   23:14:08.420   17.1000   -100.6100     7.00    2.49  0.3010    22.3300      20181107192210.00
  23   2018/10/19   23:16:14.340   17.0600   -100.8700    17.00    2.27  0.2293    18.0900      20181105102443.00
  24   2018/10/19   23:44:22.620   17.1900   -100.3500     5.00    1.44  0.5917    43.1200      20180809105016.00
   1   2018/10/20   00:25:56.000   16.8500   -100.0500     5.00    3.70  0.9507    75.7200      20181020002556.00
   2   2018/10/20   00:32:21.640   17.1200   -100.9800     8.20    1.52  0.1856    17.9500      20180716135840.00
   3   2018/10/20   01:25:30.060   16.9300   -100.3700    24.00    2.29  0.2536    19.7100      20180726005704.00
   4   2018/10/20   02:21:46.220   17.4400   -101.0600    15.20    2.69  0.1781    15.2200      20180801124118.00
   5   2018/10/20   02:21:58.400   17.2300   -101.2100    13.00    2.65  0.1808    15.9800      20180727052137.00
   6   2018/10/20   03:06:28.240   16.8500   -100.4400    24.00    3.34  0.2026    18.3200      20180115125143.00
   7   2018/10/20   03:06:34.700   16.7600   -100.4800    14.00    3.16  0.1987    21.0100      20180813183221.00
   8   2018/10/20   03:37:56.160   17.1500   -101.3600    12.20    1.77  0.2866    17.4900      20180817025302.00
   9   2018/10/20   03:48:42.300   17.4600   -101.4100    28.00    2.13  0.1845    15.0600      20180413075909.00
  10   2018/10/20   03:56:57.160   17.4400   -101.0900    15.20    2.96  0.1773    15.1500      20180801124118.00
  11   2018/10/20   03:57:06.660   17.3300   -101.1900    35.70    2.85  0.2193    18.0700      20180720025924.00
  12   2018/10/20   03:57:37.320   17.3600   -101.2200    29.70    2.17  0.2011    16.5700      20180720025924.00
  13   2018/10/20   04:00:10.140   17.1400   -100.0800    49.00    2.96  0.1562    16.1200      20180118045202.00
  14   2018/10/20   05:26:13.200   16.4600   -100.8400     5.80    1.70  0.1888    19.0100      20180825005107.00
  15   2018/10/20   06:18:44.480   17.4000   -101.4300     8.00    2.62  0.1874    15.2400      20180902190224.00
  16   2018/10/20   06:36:25.660   17.3100   -101.6000    12.00    2.39  0.2063    15.5000      20180823073727.00
  17   2018/10/20   06:43:59.320   16.8800   -100.7900     7.00    1.46  0.1528    15.2400      20180608043253.00
  18   2018/10/20   07:06:16.200   17.3500   -101.1200    13.20    3.35  0.1868    15.9600      20180801124118.00
  19   2018/10/20   07:06:26.820   17.2000   -100.8900    28.70    2.77  0.1949    17.9400      20180825185255.00
  20   2018/10/20   07:13:39.560   17.4600   -101.4900    32.00    2.65  0.1822    15.7200      20180416054658.00
  21   2018/10/20   07:13:50.360   17.2500   -101.5300    12.00    1.62  0.2050    17.3500      20180517170951.00
  22   2018/10/20   07:23:55.380   17.2500   -101.6000     8.00    2.56  0.2571    19.3200      20180823073727.00
  23   2018/10/20   07:33:36.140   17.2100   -101.0400    10.20    1.33  0.1988    19.2300      20180716135840.00
  24   2018/10/20   07:51:12.740   17.2500   -101.6000    14.00    2.43  0.2013    15.1300      20180823073727.00
  25   2018/10/20   07:51:36.360   17.2500   -101.5400     6.00    2.39  0.2059    15.4800      20180823073727.00
  26   2018/10/20   08:34:33.260   17.1000   -101.4700    16.00    2.20  0.1792    15.4200      20180323052743.00
  27   2018/10/20   08:38:48.040   16.9700   -100.7900     6.00    1.37  0.1554    15.2900      20180608035650.00
  28   2018/10/20   08:41:28.000   16.8300   -100.0000     5.00    3.80  1.0000    86.5400      20181020084128.00
  29   2018/10/20   08:41:41.060   17.3800   -101.0900    11.20    3.31  0.1793    15.3200      20180801124118.00
  30   2018/10/20   08:41:48.340   16.9900   -100.7700     3.00    3.35  0.1446    15.5400      20171201054851.00
  31   2018/10/20   08:46:19.520   16.8300   -100.0000     5.00    2.46  0.2955    25.5800      20181020084128.00
  32   2018/10/20   08:54:44.140   16.8800   -100.7600     7.00    1.50  0.1522    15.1700      20180608043253.00
  33   2018/10/20   09:32:19.100   17.4400   -101.1500    17.20    2.67  0.2081    17.7800      20180801124118.00
  34   2018/10/20   09:32:33.080   17.4400   -101.1800    17.20    3.15  0.2208    18.8600      20180801124118.00
  35   2018/10/20   09:32:44.080   17.2500   -101.5600    10.00    2.54  0.1787    15.1200      20180517170951.00
  36   2018/10/20   09:45:38.200   17.0000   -100.7600     3.00    1.51  0.1510    15.0500      20180608043253.00
  37   2018/10/20   10:01:07.680   16.8700   -100.4300     3.00    1.81  0.2252    17.0300      20180419205910.00
  38   2018/10/20   10:09:46.760   17.3200   -101.0900    13.20    3.14  0.2032    17.3600      20180801124118.00
  39   2018/10/20   10:23:48.960   17.3000   -101.4800     9.00    2.10  0.2810    15.1300      20181009121741.00
  40   2018/10/20   12:22:21.740   16.9400   -100.7300     7.00    1.71  0.1947    19.4100      20180608043253.00
  41   2018/10/20   12:50:27.320   17.4100   -101.1800    11.20    2.69  0.1797    15.3500      20180801124118.00
  42   2018/10/20   12:50:37.920   17.2100   -101.4800    24.00    2.31  0.2044    15.2200      20180605040434.00
  43   2018/10/20   13:06:07.060   17.2600   -101.0200     5.00    2.09  0.2005    20.1500      20171203112622.00
  44   2018/10/20   13:40:03.880   17.0600   -100.6300     9.50    1.84  0.1720    17.0400      20180826040405.00
  45   2018/10/20   14:01:41.680   16.9900   -100.4100    14.00    2.73  0.1932    15.1100      20180520204953.00
  46   2018/10/20   15:23:59.900   17.1200   -99.9400    31.00    2.84  0.1808    15.8400      20180104112243.00
  47   2018/10/20   19:42:34.540   17.6000   -101.3500    44.00    2.76  0.1882    16.5900      20180615063312.00
  48   2018/10/20   20:09:38.540   17.2000   -101.0800     9.00    2.11  0.2027    20.3700      20171203112622.00
  49   2018/10/20   22:05:37.660   16.8400   -100.2100     4.00    2.98  0.2059    16.2300      20180216184027.00
  50   2018/10/20   22:05:45.060   16.8700   -100.4900     7.00    2.37  0.2006    15.1700      20180419205910.00
  51   2018/10/20   22:10:37.040   16.9700   -100.7000     1.00    1.74  0.1595    15.9100      20180608043253.00
  52   2018/10/20   22:18:12.060   17.1700   -100.2000    51.20    3.24  0.1583    15.3500      20171122024922.00
  53   2018/10/20   22:25:20.400   17.3200   -101.0800     7.00    1.87  0.1519    15.2700      20171203112622.00
  54   2018/10/20   23:02:46.040   17.5700   -101.3500    42.00    2.76  0.2265    19.9800      20180930200108.00
  55   2018/10/20   23:02:54.440   17.3500   -101.4600    22.00    2.12  0.1984    17.6400      20180128221156.00
  56   2018/10/20   23:49:09.520   16.8700   -100.4300     1.00    0.62  0.1716    15.0900      20180625132143.00
   1   2018/10/21   00:22:09.480   17.2300   -101.0500    12.00    1.65  0.1927    15.7800      20180602104053.00
   2   2018/10/21   00:22:38.580   17.1000   -100.3900    44.80    2.73  0.5561    44.7100      20180715054502.00
   3   2018/10/21   01:01:07.140   17.1000   -100.6100     7.00    2.24  0.2130    16.2800      20181107192210.00
   4   2018/10/21   01:49:47.060   16.9100   -100.7900     7.00    1.51  0.1865    15.3400      20180608043253.00
   5   2018/10/21   02:11:08.180   17.4700   -101.0300     9.00    2.71  0.2025    17.3000      20180524090333.00
   6   2018/10/21   02:11:17.980   17.2400   -101.1700    46.30    2.52  0.6592    55.3900      20171126040530.00
   7   2018/10/21   04:03:08.300   17.3800   -101.5200     9.00    2.92  0.2194    15.1700      20180526132043.00
   8   2018/10/21   06:48:13.100   17.3900   -101.2700     9.00    2.12  0.2785    20.9000      20180503161729.00
   9   2018/10/21   07:26:42.020   17.0500   -100.4100    42.00    2.60  0.2046    15.5700      20180608030226.00
  10   2018/10/21   08:03:14.520   17.2900   -101.5500     5.00    2.50  0.2375    16.4200      20180526132043.00
  11   2018/10/21   08:22:20.000   17.2100   -100.4000    36.90    3.90  1.0000    81.9200      20181021082220.00
  12   2018/10/21   09:17:24.620   17.4200   -101.2100    28.60    2.93  0.1994    15.3800      20180729222843.00
  13   2018/10/21   09:17:36.900   17.2100   -101.3000     4.20    2.69  0.2817    16.3400      20180817025302.00
  14   2018/10/21   09:21:00.480   17.2700   -101.4800     3.40    2.29  0.2611    17.5000      20180727102152.00
  15   2018/10/21   09:41:23.300   16.8700   -100.4600     1.00    1.76  0.3029    19.7400      20180419205910.00
  16   2018/10/21   11:37:03.000   16.8100   -100.2500     5.00    3.40  0.9463    59.4200      20181021113703.00
  17   2018/10/21   12:06:58.660   17.3600   -101.4400    25.00    2.57  0.1941    15.3200      20180111154537.00
  18   2018/10/21   12:21:26.280   17.2900   -101.0200     5.00    1.98  0.1812    15.9300      20171203112622.00
  19   2018/10/21   13:10:41.360   17.2400   -101.4500    27.30    2.52  0.2952    20.7300      20180729025851.00
  20   2018/10/21   13:30:58.220   17.2600   -101.0200     5.00    1.89  0.3105    27.2900      20171203112622.00
  21   2018/10/21   14:49:13.300   17.1900   -100.3500     5.00    2.04  0.5663    43.2800      20180809105016.00
  22   2018/10/21   15:15:16.860   17.5000   -100.9900    50.00    1.78  0.2032    16.0500      20180420202538.00
  23   2018/10/21   15:15:26.240   17.2000   -101.0500     1.00    1.88  0.2223    19.5400      20171203112622.00
  24   2018/10/21   16:20:19.060   17.3000   -101.0400    38.20    1.97  0.2239    19.2600      20171214054549.00
  25   2018/10/21   17:49:32.120   16.8800   -100.7900     5.00    1.70  0.2097    17.2500      20180608043253.00
  26   2018/10/21   19:12:16.300   17.2400   -101.0700    36.20    1.82  0.2293    19.7200      20171214054549.00
  27   2018/10/21   19:15:07.000   17.1300   -100.0100    37.50    3.90  1.0000    76.7100      20181021191507.00
  28   2018/10/21   19:15:17.280   17.0200   -100.4000    14.10    4.70  0.2040    15.6400      20171122113426.00
  29   2018/10/21   20:30:59.020   17.4000   -101.4600     4.00    3.03  0.2332    17.2300      20180902190224.00
  30   2018/10/21   20:31:06.720   17.1800   -101.4800     3.00    2.61  0.3398    18.3700      20181009121741.00
  31   2018/10/21   20:40:49.300   16.8800   -100.7000     1.00    1.45  0.1962    16.1400      20180608043253.00
  32   2018/10/21   20:46:48.100   16.8100   -100.2500     5.00    2.89  0.5472    34.3500      20181021113703.00
  33   2018/10/21   22:03:58.040   17.0600   -100.7200     3.00    3.09  0.1667    15.2100      20180130030025.00
  34   2018/10/21   22:26:26.700   16.8100   -100.4000     3.00    1.74  0.2761    21.8000      20180625132143.00
  35   2018/10/21   23:42:54.660   17.0000   -100.1400    47.00    1.34  0.2011    15.8500      20180118132223.00
  36   2018/10/21   23:43:12.280   16.9100   -100.7900     0.00    0.78  0.1911    16.0800      20180608035650.00
   1   2018/10/22   02:22:09.920   17.2200   -101.1200    18.00    2.02  0.5480    41.6600      20181113191614.00
   2   2018/10/22   03:26:20.400   17.3900   -101.3700    11.90    1.98  0.3725    26.3300      20180915145533.00
   3   2018/10/22   04:02:13.520   17.5100   -101.6000    40.90    3.28  0.3880    26.7600      20180817063231.00
   4   2018/10/22   05:09:55.060   17.2400   -101.2000    13.60    2.48  0.2145    16.1000      20180729232343.00
   5   2018/10/22   06:40:24.660   17.1900   -100.3500     5.00    2.14  0.3237    23.2000      20180809105016.00
   6   2018/10/22   10:13:17.480   17.2400   -101.1700    46.30    2.03  0.1904    15.3900      20171126040530.00
   7   2018/10/22   12:12:55.260   16.8100   -100.4600     5.00    2.09  0.3041    19.9700      20180419205910.00
   8   2018/10/22   13:38:53.000   17.2800   -101.0300    16.10    3.90  0.9015    67.1000      20181022133853.00
   9   2018/10/22   14:40:49.300   17.7500   -101.5000    35.90    1.55  0.1892    15.3000      20171220113830.00
  10   2018/10/22   15:15:03.420   17.3800   -101.3800    30.90    2.14  0.2331    17.9200      20171227045039.00
  11   2018/10/22   17:04:14.000   16.9100   -100.4800     3.50    4.00  1.0000    68.3800      20181022170414.00
  12   2018/10/22   17:09:56.460   16.9100   -100.4800     3.50    1.22  0.2815    19.2500      20181022170414.00
  13   2018/10/22   17:10:48.560   16.9100   -100.4800     3.50    1.25  0.4597    31.4300      20181022170414.00
  14   2018/10/22   17:11:39.980   16.9400   -100.4500     8.60    3.17  0.7454    51.4900      20181022172100.00
  15   2018/10/22   17:21:00.000   16.9400   -100.4500     8.60    3.60  1.0000    69.0800      20181022172100.00
  16   2018/10/22   17:45:49.460   17.1900   -101.1500    20.00    3.32  0.2348    17.8500      20181113191614.00
  17   2018/10/22   17:45:55.540   17.1500   -101.3300    10.20    3.06  0.3033    16.1800      20180817025302.00
  18   2018/10/22   17:50:44.920   16.9400   -100.4500     8.60    2.29  0.4877    33.6900      20181022172100.00
  19   2018/10/22   19:19:06.000   17.1500   -100.4100    40.50    3.50  0.9357    70.4900      20181022191906.00
  20   2018/10/22   19:20:22.640   16.4900   -100.7700    17.00    1.88  0.2053    15.1800      20180622041336.00
  21   2018/10/22   19:27:05.000   16.9100   -100.4800     3.50    1.29  0.4325    29.5700      20181022170414.00
  22   2018/10/22   19:36:45.840   16.9400   -100.4500     8.60    2.22  0.5537    38.2500      20181022172100.00
  23   2018/10/22   23:09:48.700   17.3200   -101.2400     2.00    1.76  0.3274    21.3800      20180222224920.00
   1   2018/10/23   00:22:07.160   17.0500   -100.1700    45.50    2.41  0.2805    24.6900      20171215022114.00
   2   2018/10/23   00:22:14.320   16.7300   -100.4500    20.00    2.58  0.1641    15.1900      20180813183221.00
   3   2018/10/23   00:23:24.320   17.0500   -100.6100     8.00    1.09  0.1718    15.4400      20180604194355.00
   4   2018/10/23   03:13:07.000   17.0600   -100.6300     6.70    3.70  0.9646    84.2100      20181023031307.00
   5   2018/10/23   03:34:07.600   16.9100   -100.1900    12.00    3.85  0.2221    15.7100      20181106015515.00
   6   2018/10/23   03:34:20.660   16.9000   -100.4900     3.00    2.92  0.2542    17.1500      20180419205910.00
   7   2018/10/23   03:41:14.920   17.5800   -101.6300    34.00    2.78  0.2282    17.0900      20180312150214.00
   8   2018/10/23   03:59:41.920   17.4100   -101.6200     2.50    4.57  0.2159    17.1100      20180825093322.00
   9   2018/10/23   03:59:48.000   17.1100   -101.5500    10.00    3.90  1.0000    79.0600      20181023035948.00
  10   2018/10/23   04:30:03.400   17.2900   -101.0500     6.00    2.89  0.2242    19.5900      20180602104053.00
  11   2018/10/23   04:50:29.820   17.4700   -101.2600    44.00    2.44  0.3392    28.5100      20180630212448.00
  12   2018/10/23   05:48:38.020   17.4100   -101.0600     9.00    2.62  0.2098    18.6700      20180524090333.00
  13   2018/10/23   07:03:00.680   17.5400   -101.3500    44.00    2.98  0.1930    15.0200      20180930200108.00
  14   2018/10/23   09:11:46.480   16.9600   -100.3900    15.00    3.05  0.1778    15.1200      20180215114100.00
  15   2018/10/23   09:11:53.140   16.8400   -100.5400     1.00    2.57  0.1731    15.0800      20180620032054.00
  16   2018/10/23   10:20:39.900   17.3300   -101.4500    27.30    2.30  0.2405    18.5900      20180729025851.00
  17   2018/10/23   11:04:17.440   17.3400   -101.4300     2.00    2.79  0.3329    25.0700      20180902190224.00
  18   2018/10/23   11:05:20.520   17.3100   -101.4000     0.00    2.59  0.2123    15.9900      20180902190224.00
  19   2018/10/23   11:32:12.500   17.3400   -101.5000    29.50    2.35  0.2156    16.9600      20180726213121.00
  20   2018/10/23   11:32:21.520   17.2700   -101.5200     5.00    2.56  0.2072    16.0300      20171214115235.00
  21   2018/10/23   11:46:18.000   17.4500   -101.6100    14.10    3.40  0.9549    73.5100      20181023114618.00
  22   2018/10/23   11:46:28.340   17.2200   -101.4100     9.00    2.76  0.2126    17.9700      20180204012610.00
  23   2018/10/23   11:56:38.640   17.3000   -101.4200     5.00    2.30  0.2790    15.3200      20181009121741.00
  24   2018/10/23   13:50:23.340   16.4600   -100.7400    21.00    1.68  0.2116    17.5100      20180622041336.00
  25   2018/10/23   13:52:34.500   17.5500   -101.2100    53.70    2.95  0.1817    15.7500      20171202061710.00
  26   2018/10/23   14:08:14.840   17.0600   -101.2000    20.10    2.59  0.1964    16.2900      20180915055856.00
  27   2018/10/23   15:16:17.000   17.1900   -100.3700    43.00    3.90  1.0000    85.1000      20181023151617.00
  28   2018/10/23   15:16:23.700   16.9300   -100.5700     3.60    4.26  0.1914    17.4200      20171224003744.00
  29   2018/10/23   16:25:49.180   17.2600   -101.5500     9.00    2.60  0.2099    15.0200      20180526132043.00
  30   2018/10/23   17:41:32.340   17.1600   -101.1200    14.00    1.94  0.1906    16.2600      20181113191614.00
  31   2018/10/23   18:02:13.060   16.5000   -100.8600    17.00    2.31  0.1727    15.7900      20171125100251.00
  32   2018/10/23   18:38:28.860   17.2200   -101.3600     5.00    1.94  0.4578    27.8900      20181012055646.00
  33   2018/10/23   19:08:29.360   16.9500   -100.4300    17.60    2.64  0.1818    15.0300      20180822072305.00
  34   2018/10/23   19:08:37.240   16.9100   -100.7900     7.00    1.70  0.2241    19.2700      20180608043253.00
  35   2018/10/23   19:45:09.940   17.0400   -100.6200     7.00    2.23  0.2652    24.2000      20180114154847.00
  36   2018/10/23   19:45:16.080   16.9600   -100.6200     1.00    1.82  0.1627    15.6200      20171121174053.00
  37   2018/10/23   20:07:06.140   17.2800   -101.5400    10.00    2.41  0.2176    16.0200      20180823073727.00
  38   2018/10/23   20:12:03.940   17.2700   -101.0400    34.20    2.09  0.2410    20.9200      20171214054549.00
  39   2018/10/23   20:16:40.480   17.7100   -101.3900    42.50    2.46  0.2122    16.8200      20181003125724.00
  40   2018/10/23   20:16:47.800   17.3900   -101.4200    37.40    2.33  0.1685    15.6300      20171209150612.00
  41   2018/10/23   20:19:44.000   17.1900   -100.3500     5.00    2.00  0.2654    20.5600      20180809105016.00
  42   2018/10/23   20:30:22.200   17.1700   -100.0200    10.00    2.71  0.3440    27.0200      20180108214252.00
  43   2018/10/23   21:14:52.480   17.1500   -101.2300    18.10    3.62  0.2099    17.4100      20180915055856.00
  44   2018/10/23   22:10:03.360   16.8100   -100.1300     2.00    3.09  0.2977    21.9900      20180925203509.00
  45   2018/10/23   22:27:18.000   17.0100   -100.5800    12.80    3.50  0.7761    67.6000      20181023222718.00
  46   2018/10/23   22:42:09.920   16.8100   -100.1000     2.00    2.97  0.3477    25.6800      20180925203509.00
  47   2018/10/23   23:05:46.400   16.9100   -100.7600     5.00    1.61  0.1804    15.5100      20180608043253.00
