  26   2018/10/21   19:12:16.300   17.2400   -101.0700    36.20    1.82  0.2293    19.7200      20171214054549.00
  27   2018/10/21   19:15:07.000   17.1300   -100.0100    37.50    3.90  1.0000    76.7100      20181021191507.00
  28   2018/10/21   19:15:17.280   17.0200   -100.4000    14.10    4.70  0.2040    15.6400      20171122113426.00
  29   2018/10/21   20:30:59.020   17.4000   -101.4600     4.00    3.03  0.2332    17.2300      20180902190224.00
  30   2018/10/21   20:31:06.720   17.1800   -101.4800     3.00    2.61  0.3398    18.3700      20181009121741.00
  31   2018/10/21   20:40:49.300   16.8800   -100.7000     1.00    1.45  0.1962    16.1400      20180608043253.00
  32   2018/10/21   20:46:48.100   16.8100   -100.2500     5.00    2.89  0.5472    34.3500      20181021113703.00
  33   2018/10/21   22:03:58.040   17.0600   -100.7200     3.00    3.09  0.1667    15.2100      20180130030025.00
  34   2018/10/21   22:26:26.700   16.8100   -100.4000     3.00    1.74  0.2761    21.8000      20180625132143.00
  35   2018/10/21   23:42:54.660   17.0000   -100.1400    47.00    1.34  0.2011    15.8500      20180118132223.00
  36   2018/10/21   23:43:12.280   16.9100   -100.7900     0.00    0.78  0.1911    16.0800      20180608035650.00
