   1   2018/10/23   00:22:07.160   17.0500   -100.1700    45.50    2.41  0.2805    24.6900      20171215022114.00
   2   2018/10/23   00:22:14.320   16.7300   -100.4500    20.00    2.58  0.1641    15.1900      20180813183221.00
   3   2018/10/23   00:23:24.320   17.0500   -100.6100     8.00    1.09  0.1718    15.4400      20180604194355.00
   4   2018/10/23   03:13:07.000   17.0600   -100.6300     6.70    3.70  0.9646    84.2100      20181023031307.00
   5   2018/10/23   03:34:07.600   16.9100   -100.1900    12.00    3.85  0.2221    15.7100      20181106015515.00
   6   2018/10/23   03:34:20.660   16.9000   -100.4900     3.00    2.92  0.2542    17.1500      20180419205910.00
   7   2018/10/23   03:41:14.920   17.5800   -101.6300    34.00    2.78  0.2282    17.0900      20180312150214.00
   8   2018/10/23   03:59:41.920   17.4100   -101.6200     2.50    4.57  0.2159    17.1100      20180825093322.00
   9   2018/10/23   03:59:48.000   17.1100   -101.5500    10.00    3.90  1.0000    79.0600      20181023035948.00
  10   2018/10/23   04:30:03.400   17.2900   -101.0500     6.00    2.89  0.2242    19.5900      20180602104053.00
  11   2018/10/23   04:50:29.820   17.4700   -101.2600    44.00    2.44  0.3392    28.5100      20180630212448.00
  12   2018/10/23   05:48:38.020   17.4100   -101.0600     9.00    2.62  0.2098    18.6700      20180524090333.00
