   8   2018/10/21   06:48:13.100   17.3900   -101.2700     9.00    2.12  0.2785    20.9000      20180503161729.00
   9   2018/10/21   07:26:42.020   17.0500   -100.4100    42.00    2.60  0.2046    15.5700      20180608030226.00
  10   2018/10/21   08:03:14.520   17.2900   -101.5500     5.00    2.50  0.2375    16.4200      20180526132043.00
  11   2018/10/21   08:22:20.000   17.2100   -100.4000    36.90    3.90  1.0000    81.9200      20181021082220.00
  12   2018/10/21   09:17:24.620   17.4200   -101.2100    28.60    2.93  0.1994    15.3800      20180729222843.00
  13   2018/10/21   09:17:36.900   17.2100   -101.3000     4.20    2.69  0.2817    16.3400      20180817025302.00
  14   2018/10/21   09:21:00.480   17.2700   -101.4800     3.40    2.29  0.2611    17.5000      20180727102152.00
  15   2018/10/21   09:41:23.300   16.8700   -100.4600     1.00    1.76  0.3029    19.7400      20180419205910.00
  16   2018/10/21   11:37:03.000   16.8100   -100.2500     5.00    3.40  0.9463    59.4200      20181021113703.00
  17   2018/10/21   12:06:58.660   17.3600   -101.4400    25.00    2.57  0.1941    15.3200      20180111154537.00
  18   2018/10/21   12:21:26.280   17.2900   -101.0200     5.00    1.98  0.1812    15.9300      20171203112622.00
