  47   2018/10/20   19:42:34.540   17.6000   -101.3500    44.00    2.76  0.1882    16.5900      20180615063312.00
  48   2018/10/20   20:09:38.540   17.2000   -101.0800     9.00    2.11  0.2027    20.3700      20171203112622.00
  49   2018/10/20   22:05:37.660   16.8400   -100.2100     4.00    2.98  0.2059    16.2300      20180216184027.00
  50   2018/10/20   22:05:45.060   16.8700   -100.4900     7.00    2.37  0.2006    15.1700      20180419205910.00
  51   2018/10/20   22:10:37.040   16.9700   -100.7000     1.00    1.74  0.1595    15.9100      20180608043253.00
  52   2018/10/20   22:18:12.060   17.1700   -100.2000    51.20    3.24  0.1583    15.3500      20171122024922.00
  53   2018/10/20   22:25:20.400   17.3200   -101.0800     7.00    1.87  0.1519    15.2700      20171203112622.00
  54   2018/10/20   23:02:46.040   17.5700   -101.3500    42.00    2.76  0.2265    19.9800      20180930200108.00
  55   2018/10/20   23:02:54.440   17.3500   -101.4600    22.00    2.12  0.1984    17.6400      20180128221156.00
  56   2018/10/20   23:49:09.520   16.8700   -100.4300     1.00    0.62  0.1716    15.0900      20180625132143.00
