-100.0500 16.8500 2018 10 20 3.70 5.00 00 25
-100.9800 17.1200 2018 10 20 1.52 8.20 00 32
-100.3700 16.9300 2018 10 20 2.29 24.00 01 25
-101.0600 17.4400 2018 10 20 2.69 15.20 02 21
-101.2100 17.2300 2018 10 20 2.65 13.00 02 21
-100.4400 16.8500 2018 10 20 3.34 24.00 03 06
-100.4800 16.7600 2018 10 20 3.16 14.00 03 06
-101.3600 17.1500 2018 10 20 1.77 12.20 03 37
-101.4100 17.4600 2018 10 20 2.13 28.00 03 48
-101.0900 17.4400 2018 10 20 2.96 15.20 03 56
-101.1900 17.3300 2018 10 20 2.85 35.70 03 57
-101.2200 17.3600 2018 10 20 2.17 29.70 03 57
-100.0800 17.1400 2018 10 20 2.96 49.00 04 00
-100.8400 16.4600 2018 10 20 1.70 5.80 05 26
-101.4300 17.4000 2018 10 20 2.62 8.00 06 18
-101.6000 17.3100 2018 10 20 2.39 12.00 06 36
-100.7900 16.8800 2018 10 20 1.46 7.00 06 43
-101.1200 17.3500 2018 10 20 3.35 13.20 07 06
-100.8900 17.2000 2018 10 20 2.77 28.70 07 06
-101.4900 17.4600 2018 10 20 2.65 32.00 07 13
-101.5300 17.2500 2018 10 20 1.62 12.00 07 13
-101.6000 17.2500 2018 10 20 2.56 8.00 07 23
-101.0400 17.2100 2018 10 20 1.33 10.20 07 33
-101.6000 17.2500 2018 10 20 2.43 14.00 07 51
-101.5400 17.2500 2018 10 20 2.39 6.00 07 51
-101.4700 17.1000 2018 10 20 2.20 16.00 08 34
-100.7900 16.9700 2018 10 20 1.37 6.00 08 38
-100.0000 16.8300 2018 10 20 3.80 5.00 08 41
-101.0900 17.3800 2018 10 20 3.31 11.20 08 41
-100.7700 16.9900 2018 10 20 3.35 3.00 08 41
-100.0000 16.8300 2018 10 20 2.46 5.00 08 46
-100.7600 16.8800 2018 10 20 1.50 7.00 08 54
-101.1500 17.4400 2018 10 20 2.67 17.20 09 32
-101.1800 17.4400 2018 10 20 3.15 17.20 09 32
-101.5600 17.2500 2018 10 20 2.54 10.00 09 32
-100.7600 17.0000 2018 10 20 1.51 3.00 09 45
-100.4300 16.8700 2018 10 20 1.81 3.00 10 01
-101.0900 17.3200 2018 10 20 3.14 13.20 10 09
-101.4800 17.3000 2018 10 20 2.10 9.00 10 23
-100.7300 16.9400 2018 10 20 1.71 7.00 12 22
-101.1800 17.4100 2018 10 20 2.69 11.20 12 50
-101.4800 17.2100 2018 10 20 2.31 24.00 12 50
-101.0200 17.2600 2018 10 20 2.09 5.00 13 06
-100.6300 17.0600 2018 10 20 1.84 9.50 13 40
-100.4100 16.9900 2018 10 20 2.73 14.00 14 01
-99.9400 17.1200 2018 10 20 2.84 31.00 15 23
-101.3500 17.6000 2018 10 20 2.76 44.00 19 42
-101.0800 17.2000 2018 10 20 2.11 9.00 20 09
-100.2100 16.8400 2018 10 20 2.98 4.00 22 05
-100.4900 16.8700 2018 10 20 2.37 7.00 22 05
-100.7000 16.9700 2018 10 20 1.74 1.00 22 10
-100.2000 17.1700 2018 10 20 3.24 51.20 22 18
-101.0800 17.3200 2018 10 20 1.87 7.00 22 25
-101.3500 17.5700 2018 10 20 2.76 42.00 23 02
-101.4600 17.3500 2018 10 20 2.12 22.00 23 02
-100.4300 16.8700 2018 10 20 0.62 1.00 23 49
-101.0500 17.2300 2018 10 21 1.65 12.00 00 22
-100.3900 17.1000 2018 10 21 2.73 44.80 00 22
-100.6100 17.1000 2018 10 21 2.24 7.00 01 01
-100.7900 16.9100 2018 10 21 1.51 7.00 01 49
-101.0300 17.4700 2018 10 21 2.71 9.00 02 11
-101.1700 17.2400 2018 10 21 2.52 46.30 02 11
-101.5200 17.3800 2018 10 21 2.92 9.00 04 03
-101.2700 17.3900 2018 10 21 2.12 9.00 06 48
-100.4100 17.0500 2018 10 21 2.60 42.00 07 26
-101.5500 17.2900 2018 10 21 2.50 5.00 08 03
-100.4000 17.2100 2018 10 21 3.90 36.90 08 22
-101.2100 17.4200 2018 10 21 2.93 28.60 09 17
-101.3000 17.2100 2018 10 21 2.69 4.20 09 17
-101.4800 17.2700 2018 10 21 2.29 3.40 09 21
-100.4600 16.8700 2018 10 21 1.76 1.00 09 41
-100.2500 16.8100 2018 10 21 3.40 5.00 11 37
-101.4400 17.3600 2018 10 21 2.57 25.00 12 06
-101.0200 17.2900 2018 10 21 1.98 5.00 12 21
-101.4500 17.2400 2018 10 21 2.52 27.30 13 10
-101.0200 17.2600 2018 10 21 1.89 5.00 13 30
-100.3500 17.1900 2018 10 21 2.04 5.00 14 49
-100.9900 17.5000 2018 10 21 1.78 50.00 15 15
-101.0500 17.2000 2018 10 21 1.88 1.00 15 15
-101.0400 17.3000 2018 10 21 1.97 38.20 16 20
-100.7900 16.8800 2018 10 21 1.70 5.00 17 49
-101.0700 17.2400 2018 10 21 1.82 36.20 19 12
-100.0100 17.1300 2018 10 21 3.90 37.50 19 15
-100.4000 17.0200 2018 10 21 4.70 14.10 19 15
-101.4600 17.4000 2018 10 21 3.03 4.00 20 30
-101.4800 17.1800 2018 10 21 2.61 3.00 20 31
-100.7000 16.8800 2018 10 21 1.45 1.00 20 40
-100.2500 16.8100 2018 10 21 2.89 5.00 20 46
-100.7200 17.0600 2018 10 21 3.09 3.00 22 03
-100.4000 16.8100 2018 10 21 1.74 3.00 22 26
-100.1400 17.0000 2018 10 21 1.34 47.00 23 42
-100.7900 16.9100 2018 10 21 0.78 0.00 23 43
-101.1200 17.2200 2018 10 22 2.02 18.00 02 22
-101.3700 17.3900 2018 10 22 1.98 11.90 03 26
-101.6000 17.5100 2018 10 22 3.28 40.90 04 02
-101.2000 17.2400 2018 10 22 2.48 13.60 05 09
-100.3500 17.1900 2018 10 22 2.14 5.00 06 40
-101.1700 17.2400 2018 10 22 2.03 46.30 10 13
-100.4600 16.8100 2018 10 22 2.09 5.00 12 12
-101.0300 17.2800 2018 10 22 3.90 16.10 13 38
-101.5000 17.7500 2018 10 22 1.55 35.90 14 40
-101.3800 17.3800 2018 10 22 2.14 30.90 15 15
-100.4800 16.9100 2018 10 22 4.00 3.50 17 04
-100.4800 16.9100 2018 10 22 1.22 3.50 17 09
-100.4800 16.9100 2018 10 22 1.25 3.50 17 10
-100.4500 16.9400 2018 10 22 3.17 8.60 17 11
-100.4500 16.9400 2018 10 22 3.60 8.60 17 21
-101.1500 17.1900 2018 10 22 3.32 20.00 17 45
-101.3300 17.1500 2018 10 22 3.06 10.20 17 45
-100.4500 16.9400 2018 10 22 2.29 8.60 17 50
-100.4100 17.1500 2018 10 22 3.50 40.50 19 19
-100.7700 16.4900 2018 10 22 1.88 17.00 19 20
-100.4800 16.9100 2018 10 22 1.29 3.50 19 27
-100.4500 16.9400 2018 10 22 2.22 8.60 19 36
-101.2400 17.3200 2018 10 22 1.76 2.00 23 09
-100.1700 17.0500 2018 10 23 2.41 45.50 00 22
-100.4500 16.7300 2018 10 23 2.58 20.00 00 22
-100.6100 17.0500 2018 10 23 1.09 8.00 00 23
-100.6300 17.0600 2018 10 23 3.70 6.70 03 13
-100.1900 16.9100 2018 10 23 3.85 12.00 03 34
-100.4900 16.9000 2018 10 23 2.92 3.00 03 34
-101.6300 17.5800 2018 10 23 2.78 34.00 03 41
-101.6200 17.4100 2018 10 23 4.57 2.50 03 59
-101.5500 17.1100 2018 10 23 3.90 10.00 03 59
-101.0500 17.2900 2018 10 23 2.89 6.00 04 30
-101.2600 17.4700 2018 10 23 2.44 44.00 04 50
-101.0600 17.4100 2018 10 23 2.62 9.00 05 48
-101.3500 17.5400 2018 10 23 2.98 44.00 07 03
-100.3900 16.9600 2018 10 23 3.05 15.00 09 11
-100.5400 16.8400 2018 10 23 2.57 1.00 09 11
-101.4500 17.3300 2018 10 23 2.30 27.30 10 20
-101.4300 17.3400 2018 10 23 2.79 2.00 11 04
-101.4000 17.3100 2018 10 23 2.59 0.00 11 05
-101.5000 17.3400 2018 10 23 2.35 29.50 11 32
-101.5200 17.2700 2018 10 23 2.56 5.00 11 32
-101.6100 17.4500 2018 10 23 3.40 14.10 11 46
-101.4100 17.2200 2018 10 23 2.76 9.00 11 46
-101.4200 17.3000 2018 10 23 2.30 5.00 11 56
-100.7400 16.4600 2018 10 23 1.68 21.00 13 50
-101.2100 17.5500 2018 10 23 2.95 53.70 13 52
-101.2000 17.0600 2018 10 23 2.59 20.10 14 08
-100.3700 17.1900 2018 10 23 3.90 43.00 15 16
-100.5700 16.9300 2018 10 23 4.26 3.60 15 16
-101.5500 17.2600 2018 10 23 2.60 9.00 16 25
-101.1200 17.1600 2018 10 23 1.94 14.00 17 41
-100.8600 16.5000 2018 10 23 2.31 17.00 18 02
-101.3600 17.2200 2018 10 23 1.94 5.00 18 38
-100.4300 16.9500 2018 10 23 2.64 17.60 19 08
-100.7900 16.9100 2018 10 23 1.70 7.00 19 08
-100.6200 17.0400 2018 10 23 2.23 7.00 19 45
-100.6200 16.9600 2018 10 23 1.82 1.00 19 45
-101.5400 17.2800 2018 10 23 2.41 10.00 20 07
-101.0400 17.2700 2018 10 23 2.09 34.20 20 12
-101.3900 17.7100 2018 10 23 2.46 42.50 20 16
-101.4200 17.3900 2018 10 23 2.33 37.40 20 16
-100.3500 17.1900 2018 10 23 2.00 5.00 20 19
-100.0200 17.1700 2018 10 23 2.71 10.00 20 30
-101.2300 17.1500 2018 10 23 3.62 18.10 21 14
-100.1300 16.8100 2018 10 23 3.09 2.00 22 10
-100.5800 17.0100 2018 10 23 3.50 12.80 22 27
-100.1000 16.8100 2018 10 23 2.97 2.00 22 42
-100.7600 16.9100 2018 10 23 1.61 5.00 23 05
