  15   2018/10/20   06:18:44.480   17.4000   -101.4300     8.00    2.62  0.1874    15.2400      20180902190224.00
  16   2018/10/20   06:36:25.660   17.3100   -101.6000    12.00    2.39  0.2063    15.5000      20180823073727.00
  17   2018/10/20   06:43:59.320   16.8800   -100.7900     7.00    1.46  0.1528    15.2400      20180608043253.00
  18   2018/10/20   07:06:16.200   17.3500   -101.1200    13.20    3.35  0.1868    15.9600      20180801124118.00
  19   2018/10/20   07:06:26.820   17.2000   -100.8900    28.70    2.77  0.1949    17.9400      20180825185255.00
  20   2018/10/20   07:13:39.560   17.4600   -101.4900    32.00    2.65  0.1822    15.7200      20180416054658.00
  21   2018/10/20   07:13:50.360   17.2500   -101.5300    12.00    1.62  0.2050    17.3500      20180517170951.00
  22   2018/10/20   07:23:55.380   17.2500   -101.6000     8.00    2.56  0.2571    19.3200      20180823073727.00
  23   2018/10/20   07:33:36.140   17.2100   -101.0400    10.20    1.33  0.1988    19.2300      20180716135840.00
  24   2018/10/20   07:51:12.740   17.2500   -101.6000    14.00    2.43  0.2013    15.1300      20180823073727.00
  25   2018/10/20   07:51:36.360   17.2500   -101.5400     6.00    2.39  0.2059    15.4800      20180823073727.00
  26   2018/10/20   08:34:33.260   17.1000   -101.4700    16.00    2.20  0.1792    15.4200      20180323052743.00
  27   2018/10/20   08:38:48.040   16.9700   -100.7900     6.00    1.37  0.1554    15.2900      20180608035650.00
  28   2018/10/20   08:41:28.000   16.8300   -100.0000     5.00    3.80  1.0000    86.5400      20181020084128.00
  29   2018/10/20   08:41:41.060   17.3800   -101.0900    11.20    3.31  0.1793    15.3200      20180801124118.00
  30   2018/10/20   08:41:48.340   16.9900   -100.7700     3.00    3.35  0.1446    15.5400      20171201054851.00
  31   2018/10/20   08:46:19.520   16.8300   -100.0000     5.00    2.46  0.2955    25.5800      20181020084128.00
  32   2018/10/20   08:54:44.140   16.8800   -100.7600     7.00    1.50  0.1522    15.1700      20180608043253.00
  33   2018/10/20   09:32:19.100   17.4400   -101.1500    17.20    2.67  0.2081    17.7800      20180801124118.00
  34   2018/10/20   09:32:33.080   17.4400   -101.1800    17.20    3.15  0.2208    18.8600      20180801124118.00
  35   2018/10/20   09:32:44.080   17.2500   -101.5600    10.00    2.54  0.1787    15.1200      20180517170951.00
  36   2018/10/20   09:45:38.200   17.0000   -100.7600     3.00    1.51  0.1510    15.0500      20180608043253.00
  37   2018/10/20   10:01:07.680   16.8700   -100.4300     3.00    1.81  0.2252    17.0300      20180419205910.00
  38   2018/10/20   10:09:46.760   17.3200   -101.0900    13.20    3.14  0.2032    17.3600      20180801124118.00
  39   2018/10/20   10:23:48.960   17.3000   -101.4800     9.00    2.10  0.2810    15.1300      20181009121741.00
  40   2018/10/20   12:22:21.740   16.9400   -100.7300     7.00    1.71  0.1947    19.4100      20180608043253.00
  41   2018/10/20   12:50:27.320   17.4100   -101.1800    11.20    2.69  0.1797    15.3500      20180801124118.00
  42   2018/10/20   12:50:37.920   17.2100   -101.4800    24.00    2.31  0.2044    15.2200      20180605040434.00
