   1   2018/10/20   00:25:56.000   16.8500   -100.0500     5.00    3.70  0.9507    75.7200      20181020002556.00
   2   2018/10/20   00:32:21.640   17.1200   -100.9800     8.20    1.52  0.1856    17.9500      20180716135840.00
   3   2018/10/20   01:25:30.060   16.9300   -100.3700    24.00    2.29  0.2536    19.7100      20180726005704.00
   4   2018/10/20   02:21:46.220   17.4400   -101.0600    15.20    2.69  0.1781    15.2200      20180801124118.00
   5   2018/10/20   02:21:58.400   17.2300   -101.2100    13.00    2.65  0.1808    15.9800      20180727052137.00
   6   2018/10/20   03:06:28.240   16.8500   -100.4400    24.00    3.34  0.2026    18.3200      20180115125143.00
   7   2018/10/20   03:06:34.700   16.7600   -100.4800    14.00    3.16  0.1987    21.0100      20180813183221.00
   8   2018/10/20   03:37:56.160   17.1500   -101.3600    12.20    1.77  0.2866    17.4900      20180817025302.00
   9   2018/10/20   03:48:42.300   17.4600   -101.4100    28.00    2.13  0.1845    15.0600      20180413075909.00
  10   2018/10/20   03:56:57.160   17.4400   -101.0900    15.20    2.96  0.1773    15.1500      20180801124118.00
  11   2018/10/20   03:57:06.660   17.3300   -101.1900    35.70    2.85  0.2193    18.0700      20180720025924.00
  12   2018/10/20   03:57:37.320   17.3600   -101.2200    29.70    2.17  0.2011    16.5700      20180720025924.00
  13   2018/10/20   04:00:10.140   17.1400   -100.0800    49.00    2.96  0.1562    16.1200      20180118045202.00
  14   2018/10/20   05:26:13.200   16.4600   -100.8400     5.80    1.70  0.1888    19.0100      20180825005107.00
  15   2018/10/20   06:18:44.480   17.4000   -101.4300     8.00    2.62  0.1874    15.2400      20180902190224.00
  16   2018/10/20   06:36:25.660   17.3100   -101.6000    12.00    2.39  0.2063    15.5000      20180823073727.00
  17   2018/10/20   06:43:59.320   16.8800   -100.7900     7.00    1.46  0.1528    15.2400      20180608043253.00
