   7   2018/10/22   12:12:55.260   16.8100   -100.4600     5.00    2.09  0.3041    19.9700      20180419205910.00
   8   2018/10/22   13:38:53.000   17.2800   -101.0300    16.10    3.90  0.9015    67.1000      20181022133853.00
   9   2018/10/22   14:40:49.300   17.7500   -101.5000    35.90    1.55  0.1892    15.3000      20171220113830.00
  10   2018/10/22   15:15:03.420   17.3800   -101.3800    30.90    2.14  0.2331    17.9200      20171227045039.00
  11   2018/10/22   17:04:14.000   16.9100   -100.4800     3.50    4.00  1.0000    68.3800      20181022170414.00
  12   2018/10/22   17:09:56.460   16.9100   -100.4800     3.50    1.22  0.2815    19.2500      20181022170414.00
  13   2018/10/22   17:10:48.560   16.9100   -100.4800     3.50    1.25  0.4597    31.4300      20181022170414.00
  14   2018/10/22   17:11:39.980   16.9400   -100.4500     8.60    3.17  0.7454    51.4900      20181022172100.00
  15   2018/10/22   17:21:00.000   16.9400   -100.4500     8.60    3.60  1.0000    69.0800      20181022172100.00
  16   2018/10/22   17:45:49.460   17.1900   -101.1500    20.00    3.32  0.2348    17.8500      20181113191614.00
  17   2018/10/22   17:45:55.540   17.1500   -101.3300    10.20    3.06  0.3033    16.1800      20180817025302.00
  18   2018/10/22   17:50:44.920   16.9400   -100.4500     8.60    2.29  0.4877    33.6900      20181022172100.00
