  13   2018/10/23   07:03:00.680   17.5400   -101.3500    44.00    2.98  0.1930    15.0200      20180930200108.00
  14   2018/10/23   09:11:46.480   16.9600   -100.3900    15.00    3.05  0.1778    15.1200      20180215114100.00
  15   2018/10/23   09:11:53.140   16.8400   -100.5400     1.00    2.57  0.1731    15.0800      20180620032054.00
  16   2018/10/23   10:20:39.900   17.3300   -101.4500    27.30    2.30  0.2405    18.5900      20180729025851.00
  17   2018/10/23   11:04:17.440   17.3400   -101.4300     2.00    2.79  0.3329    25.0700      20180902190224.00
  18   2018/10/23   11:05:20.520   17.3100   -101.4000     0.00    2.59  0.2123    15.9900      20180902190224.00
  19   2018/10/23   11:32:12.500   17.3400   -101.5000    29.50    2.35  0.2156    16.9600      20180726213121.00
  20   2018/10/23   11:32:21.520   17.2700   -101.5200     5.00    2.56  0.2072    16.0300      20171214115235.00
  21   2018/10/23   11:46:18.000   17.4500   -101.6100    14.10    3.40  0.9549    73.5100      20181023114618.00
  22   2018/10/23   11:46:28.340   17.2200   -101.4100     9.00    2.76  0.2126    17.9700      20180204012610.00
  23   2018/10/23   11:56:38.640   17.3000   -101.4200     5.00    2.30  0.2790    15.3200      20181009121741.00
