   1   2018/04/01   01:01:22.680   17.0000   -100.7300     5.00    1.44  0.1698    15.2000      20180608043253.00
   2   2018/04/01   01:20:36.280   16.9700   -100.6700     3.00    1.66  0.1797    16.0800      20180608043253.00
   3   2018/04/01   01:29:05.780   17.0700   -100.4600    17.60    2.53  0.2005    15.4600      20180822072305.00
   4   2018/04/01   01:29:14.560   16.8800   -100.7600     3.00    1.56  0.1954    17.4900      20180608043253.00
   5   2018/04/01   04:02:13.320   17.1700   -100.3900    40.00    2.26  0.3256    24.2000      20180604032311.00
   6   2018/04/01   04:06:46.280   17.1600   -100.3700    38.20    2.26  0.2846    20.8200      20171130230303.00
   7   2018/04/01   04:41:07.420   17.3500   -101.0000     5.00    2.50  0.1987    16.4400      20180524090333.00
   8   2018/04/01   04:41:22.560   17.1800   -101.3600    10.20    1.81  0.2719    15.1000      20180817025302.00
   9   2018/04/01   07:02:04.480   17.0000   -100.7900     7.00    1.61  0.2105    18.8400      20180608043253.00
  10   2018/04/01   07:50:08.640   17.1400   -100.7100     6.00    2.56  0.1844    15.2400      20180407030006.00
  11   2018/04/01   07:50:17.200   16.8700   -100.2100     2.00    3.07  0.2506    16.0300      20180216184027.00
  12   2018/04/01   07:50:27.080   16.7800   -100.4300     1.00    2.46  0.3966    24.2500      20180419205910.00
  13   2018/04/01   08:08:35.120   17.0000   -100.7300    -2.00    1.31  0.1787    16.0400      20180608035650.00
  14   2018/04/01   08:59:48.700   16.8000   -100.3500    22.00    2.35  0.3762    24.1700      20180526173109.00
  15   2018/04/01   09:07:39.320   17.1400   -100.7100    14.00    3.52  0.1860    15.3800      20180407030006.00
  16   2018/04/01   09:07:47.000   17.1000   -100.5900    32.00    3.70  0.9459    79.0400      20180401090747.00
  17   2018/04/01   09:08:03.840   17.2700   -101.3900     3.00    3.02  0.2907    15.6300      20181009121741.00
  18   2018/04/01   09:44:19.360   16.8400   -100.3700     9.00    2.05  0.2757    16.8500      20180419205910.00
  19   2018/04/01   10:00:18.980   17.4500   -101.3300     8.00    2.40  0.1968    15.2600      20180221154306.00
  20   2018/04/01   10:00:26.040   17.3100   -101.2300    20.00    2.69  0.2692    19.4900      20180530170231.00
  21   2018/04/01   11:15:12.020   16.8100   -100.4600     1.00    1.82  0.3330    20.3600      20180419205910.00
  22   2018/04/01   11:45:53.300   16.8800   -100.6700     5.00    1.83  0.1758    15.7300      20180608043253.00
  23   2018/04/01   12:53:21.300   17.3000   -100.6400    42.00    2.41  0.2000    15.6600      20180108024020.00
  24   2018/04/01   13:13:52.000   16.8100   -100.0800     5.00    3.70  1.0000    68.3700      20180401131352.00
  25   2018/04/01   13:48:28.060   16.9100   -100.7900     9.00    1.48  0.1684    15.0700      20180608043253.00
  26   2018/04/01   13:50:08.360   17.0300   -100.7600     6.00    1.36  0.2072    18.6000      20180608035650.00
  27   2018/04/01   14:11:57.680   16.8800   -100.7900     1.00    1.51  0.2061    18.4400      20180608043253.00
  28   2018/04/01   14:19:12.340   16.8100   -100.0800     5.00    2.35  0.6027    41.2100      20180401131352.00
  29   2018/04/01   16:31:12.680   16.8800   -100.7600     3.00    1.46  0.2112    18.9000      20180608043253.00
  30   2018/04/01   16:40:41.960   16.9100   -100.7300     7.00    1.34  0.1910    17.0900      20180608043253.00
  31   2018/04/01   18:20:11.400   17.1700   -100.3900    40.00    2.59  0.2794    20.7700      20180604032311.00
  32   2018/04/01   18:25:48.040   17.5500   -101.1900    10.00    2.87  0.2766    21.1000      20171216054509.00
  33   2018/04/01   18:56:48.320   17.3400   -100.8900    36.00    1.35  0.2100    16.3500      20180329222425.00
  34   2018/04/01   19:13:55.340   16.9400   -101.3200    16.00    2.64  0.7837    56.9700      20180327014247.00
  35   2018/04/01   19:25:52.220   16.9100   -100.7300     1.00    1.40  0.1845    16.5100      20180608043253.00
  36   2018/04/01   20:00:45.360   17.2400   -101.0700    36.20    1.62  0.2040    16.1700      20171214054549.00
  37   2018/04/01   20:18:29.460   17.2100   -101.0700    12.20    1.97  0.2222    17.8700      20180716135840.00
  38   2018/04/01   21:14:44.700   17.0100   -100.4400    15.90    2.33  0.3167    25.5300      20180721152812.00
  39   2018/04/01   22:04:49.320   16.9400   -101.3200    16.00    1.64  0.2538    18.4500      20180327014247.00
  40   2018/04/01   22:05:10.580   17.0000   -100.7900     5.00    2.12  0.1909    17.0800      20180608043253.00
  41   2018/04/01   22:47:55.000   17.4200   -101.4800    11.90    2.48  0.2334    15.7200      20181016225529.00
  42   2018/04/01   23:14:54.940   16.8800   -100.7600     5.00    1.45  0.2176    19.4700      20180608043253.00
  43   2018/04/01   23:39:43.820   16.9100   -100.6700     4.00    0.68  0.1831    16.4300      20180608035650.00
   1   2018/04/02   00:18:36.040   17.2400   -101.3600     4.20    1.16  0.2694    15.8300      20180817025302.00
   2   2018/04/02   00:32:50.620   16.9100   -100.7600     3.00    1.41  0.2417    20.3600      20180608043253.00
   3   2018/04/02   00:38:54.800   17.3600   -101.4300    29.10    2.54  0.2518    19.5300      20171121065832.00
   4   2018/04/02   00:48:45.320   17.2100   -101.3600     7.00    2.21  0.2675    15.4000      20181009121741.00
   5   2018/04/02   01:04:56.800   17.1500   -101.4200    12.20    1.88  0.2904    17.0700      20180817025302.00
   6   2018/04/02   01:09:47.780   17.3900   -101.3900     9.90    2.64  0.2198    15.1600      20181016225529.00
   7   2018/04/02   03:41:36.980   17.0700   -100.3800    39.00    3.40  0.8497    62.6400      20180402034137.00
   8   2018/04/02   03:52:05.020   17.0900   -100.6300    11.50    2.51  0.2673    21.7700      20180826040405.00
   9   2018/04/02   03:52:12.100   16.9400   -100.7600     1.00    2.20  0.1801    15.1700      20180608043253.00
  10   2018/04/02   04:46:48.260   16.8800   -100.7900     3.00    1.49  0.2416    20.3500      20180608043253.00
  11   2018/04/02   05:35:24.040   17.2900   -100.7900    13.00    3.49  0.1872    15.4200      20180629155201.00
  12   2018/04/02   05:35:32.000   17.0800   -100.6900     5.00    3.60  1.0000    80.6900      20180402053532.00
  13   2018/04/02   05:35:48.680   17.0800   -100.6900     5.00    2.98  0.2010    16.2200      20180402053532.00
  14   2018/04/02   06:37:20.580   17.3600   -101.4400    38.70    2.79  0.2451    16.6600      20180823020816.00
  15   2018/04/02   07:25:43.560   17.2900   -101.3100    20.00    2.67  0.2352    17.1000      20180622204614.00
  16   2018/04/02   07:53:51.680   17.0000   -100.7000     3.00    1.65  0.2028    17.0900      20180608043253.00
  17   2018/04/02   08:56:45.140   16.9100   -100.7300     3.00    1.58  0.2344    19.7400      20180608043253.00
  18   2018/04/02   09:16:08.000   16.9400   -100.7300     1.00    1.56  0.1944    16.3800      20180608043253.00
  19   2018/04/02   09:39:47.120   17.2200   -101.6000     6.00    2.57  0.2201    15.4400      20180823073727.00
  20   2018/04/02   11:58:31.220   17.6200   -101.2900    56.60    2.73  0.2607    21.3400      20180926013003.00
  21   2018/04/02   12:08:56.980   17.0300   -100.6700     6.00    1.35  0.1782    15.2400      20180608035650.00
  22   2018/04/02   12:15:44.540   17.0800   -100.6900     5.00    2.11  0.5264    42.4700      20180402053532.00
  23   2018/04/02   12:51:44.860   16.9400   -100.6700     2.00    1.42  0.1894    16.1900      20180608035650.00
  24   2018/04/02   12:55:45.340   16.9700   -100.6700     9.00    1.60  0.1853    15.6100      20180608043253.00
  25   2018/04/02   13:25:18.140   17.5300   -100.9900    44.00    1.96  0.2065    15.8500      20180420202538.00
  26   2018/04/02   13:25:28.000   17.1200   -101.2000    14.10    2.27  0.2106    15.4300      20180915055856.00
  27   2018/04/02   14:11:58.820   16.9100   -100.7900     9.00    1.54  0.1834    15.4500      20180608043253.00
  28   2018/04/02   14:48:08.620   17.3100   -101.5100    10.00    2.63  0.2269    15.9200      20180823073727.00
  29   2018/04/02   14:53:27.520   16.9100   -100.1600    29.00    2.97  0.2527    17.5100      20181108042129.00
  30   2018/04/02   15:44:19.340   17.2100   -100.4200    21.00    2.12  0.4565    35.3500      20180126170817.00
  31   2018/04/02   16:39:49.500   16.9700   -100.7600    -2.00    1.47  0.1824    15.5900      20180608035650.00
  32   2018/04/02   16:42:08.180   16.9400   -100.7000     9.00    1.62  0.1818    15.3100      20180608043253.00
  33   2018/04/02   16:42:29.480   16.8800   -100.7900     9.00    1.57  0.2006    16.9000      20180608043253.00
  34   2018/04/02   16:43:00.540   17.0000   -100.6700     1.00    1.57  0.1782    15.0100      20180608043253.00
  35   2018/04/02   17:15:45.480   17.0000   -100.7600     2.00    1.47  0.1877    16.0500      20180608035650.00
  36   2018/04/02   17:57:10.680   17.0500   -100.7400     7.00    1.52  0.1885    16.0700      20171121174053.00
  37   2018/04/02   19:47:48.840   17.2700   -101.3000    12.20    1.68  0.2616    15.3800      20180817025302.00
  38   2018/04/02   20:07:50.280   17.3300   -101.3400    27.00    2.23  0.3102    23.5900      20180708225122.00
  39   2018/04/02   23:16:53.540   17.0700   -100.6100     3.00    2.71  0.2458    18.5100      20181107192210.00
   1   2018/04/03   02:12:52.140   16.9100   -100.7000     1.00    1.73  0.1898    15.8500      20180608043253.00
   2   2018/04/03   04:02:11.000   16.8600   -100.2000     5.00    3.70  0.9227    70.3600      20180403040211.00
   3   2018/04/03   05:00:39.840   17.2400   -101.0400    36.20    2.05  0.2888    22.1700      20171214054549.00
   4   2018/04/03   06:30:30.560   16.7800   -100.4000     9.00    1.97  0.2816    17.4100      20180419205910.00
   5   2018/04/03   07:15:46.500   16.8300   -100.4500     5.00    1.29  0.2691    15.8500      20180419205646.00
   6   2018/04/03   08:35:35.020   16.8300   -100.4500     5.00    1.93  0.3449    20.3200      20180419205646.00
   7   2018/04/03   13:19:04.160   17.3500   -101.4300    25.00    2.36  0.2070    15.7900      20180128221249.00
   8   2018/04/03   13:33:19.060   16.8900   -100.4100     5.00    2.48  0.4257    29.4700      20181014175816.00
   9   2018/04/03   13:40:58.980   16.8800   -100.6700     3.00    1.54  0.2204    18.4000      20180608043253.00
  10   2018/04/03   13:50:32.960   17.1900   -100.9300     5.00    1.70  0.2010    16.3500      20180122013436.00
  11   2018/04/03   15:52:56.980   16.9400   -100.7900    -2.00    1.39  0.2195    17.8700      20180608035650.00
  12   2018/04/03   17:01:34.360   17.4400   -101.5300    27.30    2.52  0.2007    15.5300      20171129055646.00
  13   2018/04/03   18:02:10.300   17.3300   -101.6700     5.00    2.42  0.6627    51.0000      20180403215746.00
  14   2018/04/03   18:02:27.000   17.3300   -101.6700     5.00    2.05  0.1993    15.3400      20180403215746.00
  15   2018/04/03   18:08:05.980   17.3100   -101.6600     7.00    2.71  0.2146    15.4000      20180403220502.00
  16   2018/04/03   18:31:08.880   17.3300   -101.6700     5.00    1.90  0.3252    25.0300      20180403215746.00
  17   2018/04/03   18:43:56.480   17.2200   -101.1200    22.00    1.94  0.2452    19.5200      20181113191614.00
  18   2018/04/03   19:09:27.740   17.3100   -101.6000     3.00    2.63  0.2229    15.9900      20180403220502.00
  19   2018/04/03   19:17:45.620   17.3300   -101.6700     5.00    1.99  0.3502    26.9600      20180403215746.00
  20   2018/04/03   19:17:51.800   17.2200   -101.4400     7.00    2.23  0.2237    16.1700      20180204012610.00
  21   2018/04/03   19:46:40.620   17.3300   -101.6700     5.00    2.43  0.7261    55.8900      20180403215746.00
  22   2018/04/03   19:57:28.380   17.3300   -101.6700     5.00    1.87  0.3435    26.4400      20180403215746.00
  23   2018/04/03   19:57:34.740   17.2200   -101.4100     9.00    2.10  0.2123    15.3500      20180204012610.00
  24   2018/04/03   19:58:13.720   16.8200   -101.6600    14.00    2.86  0.3038    23.2500      20180303090607.00
  25   2018/04/03   21:40:56.900   17.3300   -101.6700     5.00    1.90  0.5073    39.0400      20180403215746.00
  26   2018/04/03   21:57:46.000   17.3300   -101.6700     5.00    4.00  1.0000    76.9700      20180403215746.00
  27   2018/04/03   22:01:26.940   17.3400   -101.6600     5.00    2.61  0.3066    22.0000      20180403220502.00
  28   2018/04/03   22:02:07.140   17.3300   -101.6700     5.00    1.79  0.4372    33.6500      20180403215746.00
  29   2018/04/03   22:04:43.780   17.2800   -101.6000     5.00    3.05  0.2098    15.0600      20180403220502.00
  30   2018/04/03   22:05:02.000   17.3400   -101.6600     5.00    3.70  0.9604    68.9200      20180403220502.00
  31   2018/04/03   22:07:25.340   17.3400   -101.6600     5.00    2.65  0.5236    37.5800      20180403220502.00
  32   2018/04/03   22:09:07.120   17.3400   -101.6600     5.00    2.61  0.2589    18.5800      20180403220502.00
  33   2018/04/03   22:09:55.160   17.3300   -101.6700     3.00    1.88  0.3063    23.5700      20180403215746.00
  34   2018/04/03   22:18:18.520   17.3300   -101.6700     5.00    1.89  0.2946    22.6700      20180403215746.00
  35   2018/04/03   22:18:45.080   17.3300   -101.6700     3.00    1.93  0.2884    22.2000      20180403215746.00
  36   2018/04/03   22:24:44.340   17.3400   -101.6600     5.00    2.64  0.5230    37.5300      20180403220502.00
  37   2018/04/03   22:30:20.280   17.3700   -101.6900     9.00    2.72  0.2513    18.0300      20180403220502.00
  38   2018/04/03   22:35:19.440   17.2200   -101.5400    14.00    2.71  0.2460    17.0800      20180823073727.00
  39   2018/04/03   22:35:35.180   17.3000   -101.6700     7.00    2.02  0.2221    17.0900      20180403215746.00
  40   2018/04/03   22:41:59.780   17.3300   -101.6700     5.00    2.34  0.6360    48.9500      20180403215746.00
  41   2018/04/03   22:43:18.040   17.3300   -101.6700     5.00    1.99  0.3214    24.7400      20180403215746.00
  42   2018/04/03   23:32:14.780   17.2100   -101.4200     4.20    1.52  0.2580    15.4500      20180817025302.00
   1   2018/04/04   00:12:07.600   17.3300   -101.6700     5.00    1.13  0.6787    50.8800      20180403215746.00
   2   2018/04/04   00:41:02.780   17.3400   -101.6600     5.00    2.46  0.2333    16.8400      20180403220502.00
   3   2018/04/04   01:00:27.000   17.3400   -101.6600     5.00    2.77  0.5581    40.2900      20180403220502.00
   4   2018/04/04   01:52:27.320   17.1500   -101.3300     1.00    2.24  0.2569    15.6400      20181009120826.00
   5   2018/04/04   02:08:17.700   17.1500   -101.0100     4.20    2.16  0.1945    16.2900      20180716135840.00
   6   2018/04/04   02:57:42.100   17.1800   -101.0200    13.00    2.59  0.2058    16.9700      20180905152648.00
   7   2018/04/04   02:59:07.900   17.3400   -101.6600     5.00    2.62  0.2693    19.4400      20180403220502.00
   8   2018/04/04   03:02:04.200   17.2900   -101.2900    16.00    2.10  0.2255    16.5500      20180318123711.00
   9   2018/04/04   03:15:35.400   17.0000   -100.7900     3.00    1.63  0.1918    16.5900      20180608043253.00
  10   2018/04/04   03:19:15.140   17.3300   -101.6700     5.00    1.69  0.3338    25.0200      20180403215746.00
  11   2018/04/04   03:22:00.380   17.3900   -101.6100     7.00    2.53  0.2262    15.0200      20171214115235.00
  12   2018/04/04   03:37:16.300   17.4000   -101.7200     1.00    2.63  0.2600    18.7700      20180403220502.00
  13   2018/04/04   03:58:20.100   17.3300   -101.6700     3.00    1.91  0.2581    19.3500      20180403215746.00
  14   2018/04/04   04:15:12.700   17.3400   -101.6600     5.00    2.69  0.3237    23.3700      20180403220502.00
  15   2018/04/04   04:27:13.940   16.9400   -100.7600     3.00    1.62  0.1808    15.6400      20180608043253.00
  16   2018/04/04   04:53:33.940   17.3300   -101.6700     3.00    1.91  0.2711    20.3200      20180403215746.00
  17   2018/04/04   05:04:20.840   17.3300   -101.6700     3.00    2.05  0.2886    21.6400      20180403215746.00
  18   2018/04/04   05:18:14.760   17.5500   -101.5700    30.00    2.89  0.2585    18.2300      20180312150214.00
  19   2018/04/04   05:18:23.680   17.2400   -101.3900    10.20    2.36  0.3058    18.8400      20180817025302.00
  20   2018/04/04   05:47:04.780   17.2700   -101.3300     6.20    1.98  0.2590    15.9600      20180817025302.00
  21   2018/04/04   05:55:51.740   17.3500   -101.0500    12.00    2.07  0.2099    16.7400      20180602104053.00
  22   2018/04/04   06:19:36.480   17.2400   -101.4500     7.00    2.35  0.2495    15.0700      20181009121741.00
  23   2018/04/04   06:58:18.000   17.6300   -101.0700    48.00    3.26  0.2109    15.9700      20180502001514.00
  24   2018/04/04   06:58:29.800   17.1500   -101.2000    20.10    2.37  0.2199    16.7000      20180915055856.00
  25   2018/04/04   08:13:55.340   17.3400   -101.6600     5.00    2.59  0.4634    33.4500      20180403220502.00
  26   2018/04/04   08:34:44.120   17.3300   -101.6700     5.00    1.98  0.4244    31.8100      20180403215746.00
  27   2018/04/04   09:13:47.000   17.3800   -101.2400     6.00    2.38  0.2743    20.5700      20180603220129.00
  28   2018/04/04   09:37:15.700   17.3400   -101.6600     5.00    2.48  0.2636    19.0300      20180403220502.00
  29   2018/04/04   09:48:23.260   17.3400   -101.6600     5.00    2.58  0.2792    20.1500      20180403220502.00
  30   2018/04/04   10:19:27.060   17.1800   -101.4200    12.20    1.92  0.2591    15.9600      20180817025302.00
  31   2018/04/04   11:21:44.980   17.4000   -101.1700    32.60    2.91  0.2045    16.6100      20171123154045.00
  32   2018/04/04   11:21:54.440   17.3200   -101.6400     9.00    2.70  0.2359    15.7100      20180526132043.00
  33   2018/04/04   11:49:28.100   17.2400   -101.3300    10.20    2.26  0.2484    15.3000      20180817025302.00
  34   2018/04/04   11:53:32.680   17.1000   -100.3900    44.80    2.34  0.3511    27.1700      20180715054502.00
  35   2018/04/04   12:00:49.760   17.1500   -101.3300     3.00    1.97  0.2482    15.1000      20181009120826.00
  36   2018/04/04   12:08:12.140   16.8200   -100.0000     7.40    3.33  0.3868    29.2500      20180804003704.00
  37   2018/04/04   13:07:38.360   17.3000   -101.7300     9.00    1.74  0.2225    16.6800      20180403215746.00
  38   2018/04/04   14:10:14.760   16.8700   -100.4000     3.00    1.98  0.2754    16.7500      20180419205910.00
  39   2018/04/04   14:28:13.060   16.9200   -100.2300    21.50    3.07  0.2201    15.3800      20171230095748.00
  40   2018/04/04   15:03:09.900   16.7800   -100.4000     9.00    1.94  0.3136    19.0800      20180419205910.00
  41   2018/04/04   15:50:24.860   16.9500   -100.3100     7.00    2.68  0.3050    22.2800      20180331104937.00
  42   2018/04/04   15:54:10.040   17.2400   -101.3600     6.20    2.07  0.2628    16.1900      20180817025302.00
  43   2018/04/04   16:27:38.640   17.1500   -101.4200    12.20    2.15  0.2517    15.5000      20180817025302.00
  44   2018/04/04   16:42:01.300   17.1600   -101.0200    42.00    3.58  0.2253    17.6200      20180617024722.00
  45   2018/04/04   16:48:20.320   17.0700   -101.0500    36.00    2.71  0.2074    16.2200      20180617024722.00
  46   2018/04/04   16:53:43.760   17.0700   -101.0500    40.00    2.83  0.1974    15.4300      20180617024722.00
  47   2018/04/04   18:48:45.180   17.1600   -101.0200    40.00    2.98  0.2114    16.5300      20180617024722.00
  48   2018/04/04   19:08:35.900   17.0800   -100.3900    44.00    2.94  0.2179    17.2200      20180621033510.00
  49   2018/04/04   19:08:48.920   16.8700   -100.4600     7.00    2.13  0.2063    15.5800      20180625132143.00
  50   2018/04/04   19:22:01.160   16.9700   -100.7900     7.00    2.57  0.1768    15.2900      20180608043253.00
  51   2018/04/04   19:27:41.200   16.8700   -100.0400     2.00    3.19  0.8286    60.2500      20180607160540.00
  52   2018/04/04   19:28:48.840   17.0000   -100.7300     5.00    4.08  0.1946    16.8300      20180608043253.00
  53   2018/04/04   20:26:07.960   17.0300   -100.7300     6.00    1.49  0.1800    15.5400      20180608035650.00
  54   2018/04/04   20:35:28.200   17.3500   -101.1200    15.20    2.46  0.2062    15.7200      20180801124118.00
  55   2018/04/04   20:35:35.620   17.2400   -101.1000    12.20    1.87  0.2141    17.9300      20180716135840.00
  56   2018/04/04   23:30:20.160   17.4200   -101.1500    26.60    2.78  0.1959    15.6500      20180729222843.00
  57   2018/04/04   23:30:27.520   17.2900   -101.2900    16.00    2.76  0.7635    56.0300      20180318123711.00
  58   2018/04/04   23:31:59.900   17.2900   -101.2900    16.00    1.32  0.2752    20.2000      20180318123711.00
  59   2018/04/04   23:58:55.360   16.9700   -100.6700     1.00   -2.07  0.1930    16.6900      20180608043253.00
   1   2018/04/05   00:16:16.320   16.9700   -100.7300     3.00    0.59  0.2254    17.5400      20180608043253.00
   2   2018/04/05   01:20:48.580   16.8700   -100.4300     7.00    1.94  0.3720    20.8800      20180419205910.00
   3   2018/04/05   01:41:29.080   17.0000   -100.6700     1.00    2.04  0.2121    16.5100      20180608043253.00
   4   2018/04/05   02:55:39.820   17.3900   -101.3700    11.90    2.85  0.6581    41.5000      20180915145533.00
   5   2018/04/05   02:56:42.580   16.9700   -100.7600     9.00    1.74  0.1944    15.1300      20180608043253.00
   6   2018/04/05   04:35:42.840   16.8100   -100.4600     1.00    1.83  0.3803    21.3400      20180419205910.00
   7   2018/04/05   04:47:52.040   17.3300   -101.6700     5.00    1.65  0.3139    21.7000      20180403215746.00
   8   2018/04/05   05:01:51.240   17.3300   -101.6700     5.00    1.80  0.2899    20.0400      20180403215746.00
   9   2018/04/05   06:17:31.360   16.9000   -100.4900     1.00    2.12  0.3451    19.3700      20180419205910.00
  10   2018/04/05   07:09:55.060   16.8400   -100.4000     9.00    2.06  0.2839    15.9400      20180419205910.00
  11   2018/04/05   07:12:02.900   16.8700   -100.4300     7.00    1.91  0.2233    15.4400      20180625132143.00
  12   2018/04/05   07:31:55.440   16.8700   -100.4600     1.00    2.05  0.2892    16.2300      20180419205910.00
  13   2018/04/05   09:00:28.840   16.9400   -100.7900    -2.00    2.46  0.2174    16.6000      20180608035650.00
  14   2018/04/05   10:12:31.000   16.8700   -100.4300     3.00    1.73  0.3107    17.4400      20180419205910.00
  15   2018/04/05   10:41:35.180   17.0600   -100.6300     9.50    1.83  0.2020    15.3300      20180826040405.00
  16   2018/04/05   11:06:49.080   16.8700   -100.4000     3.00    1.70  0.3699    20.7600      20180419205910.00
  17   2018/04/05   11:37:29.580   17.0000   -100.1700    45.00    2.19  0.4340    29.9100      20180118132223.00
  18   2018/04/05   11:37:45.900   16.9400   -100.7000    -2.00    1.61  0.2169    16.5600      20180608035650.00
  19   2018/04/05   11:42:11.580   17.3300   -101.6700     5.00    1.39  0.2380    16.4600      20180403215746.00
  20   2018/04/05   12:49:32.940   16.4900   -101.1600     6.00    2.01  0.2394    17.4100      20180313213048.00
  21   2018/04/05   13:38:48.060   16.9000   -100.4300     3.00    1.82  0.3345    18.7700      20180419205910.00
  22   2018/04/05   14:15:04.540   17.0400   -100.3800     9.70    2.49  0.3386    23.8400      20180814130004.00
  23   2018/04/05   15:58:32.100   16.8700   -100.4300     7.00    1.75  0.2968    16.6600      20180419205910.00
  24   2018/04/05   17:48:15.620   16.9700   -100.6700     7.00    1.77  0.2222    17.2900      20180608043253.00
  25   2018/04/05   19:16:01.320   16.9300   -100.3700     1.00    1.78  0.2179    15.0600      20180625132143.00
  26   2018/04/05   19:32:04.160   16.8700   -100.4600     5.00    1.74  0.2794    15.6800      20180419205910.00
  27   2018/04/05   19:51:29.340   17.2600   -101.0200     5.00    2.06  0.2317    16.8100      20171203112622.00
  28   2018/04/05   19:56:04.000   17.1900   -100.2400    52.00    3.60  0.8548    58.4700      20180405195604.00
  29   2018/04/05   21:29:29.200   16.9400   -100.7900    -2.00    1.93  0.2116    16.1600      20180608035650.00
  30   2018/04/05   22:04:13.000   17.1900   -100.0100    48.00    3.70  0.9451    70.8800      20180405220413.00
  31   2018/04/05   22:09:15.700   17.1900   -100.3500     7.00    1.93  0.3229    21.8100      20180809105016.00
  32   2018/04/05   22:10:45.960   17.1500   -100.2700    40.00    2.54  0.2173    15.6900      20180407064556.00
  33   2018/04/05   22:56:36.300   17.3200   -100.9600     9.00    2.25  0.2181    15.8200      20171203112622.00
   1   2018/04/06   01:52:30.360   17.0800   -101.2600    14.10    2.58  0.2430    16.4900      20171217105708.00
   2   2018/04/06   04:33:04.000   17.0000   -100.1700     5.00    3.30  0.9397    66.8500      20180406043304.00
   3   2018/04/06   05:14:39.740   17.4900   -101.1200    53.70    4.00  0.2212    15.7400      20171202061710.00
   4   2018/04/06   05:14:50.880   17.4100   -101.3800    30.60    2.67  0.2347    18.2700      20181004080818.00
   5   2018/04/06   05:39:43.040   17.2600   -101.0900    12.00    2.22  0.2238    16.2400      20180304061321.00
   6   2018/04/06   05:48:00.560   17.0800   -101.0200    14.70    2.61  0.5561    42.5000      20180721004334.00
   7   2018/04/06   08:54:39.540   17.0000   -100.7300     9.00    1.79  0.2020    15.1900      20180608043253.00
   8   2018/04/06   22:50:03.840   17.1800   -101.3300    10.20    2.13  0.3017    17.0600      20180817025302.00
   9   2018/04/06   22:50:55.160   17.1500   -101.3300     8.20    2.03  0.2927    16.5500      20180817025302.00
   1   2018/04/07   00:13:31.660   17.1900   -100.3500     7.00    1.10  0.4659    32.2500      20180809105016.00
   2   2018/04/07   01:47:48.620   17.1500   -101.2000    12.10    2.07  0.2087    15.2100      20180915055856.00
   3   2018/04/07   02:12:00.920   17.0000   -100.7600     5.00    1.74  0.1865    15.0900      20180608043253.00
   4   2018/04/07   02:35:13.400   16.8300   -100.1100    25.00    2.23  0.5105    37.0700      20180408184454.00
   5   2018/04/07   03:00:06.000   17.1100   -100.7100    10.00    3.80  1.0000    73.0100      20180407030006.00
   6   2018/04/07   03:00:22.420   16.8400   -100.4600     7.00    3.58  0.3004    16.6200      20180419205910.00
   7   2018/04/07   03:08:15.840   17.1100   -100.7100    10.00    2.45  0.2212    16.1500      20180407030006.00
   8   2018/04/07   03:18:34.540   16.9300   -100.3600    10.00    2.71  0.6621    45.9100      20180407032018.00
   9   2018/04/07   03:19:34.580   17.2600   -101.0200     9.00    2.00  0.2194    17.0900      20171203112622.00
  10   2018/04/07   03:20:18.000   16.9300   -100.3600    10.00    3.70  1.0000    69.3400      20180407032018.00
  11   2018/04/07   03:58:35.200   16.9300   -100.3600    10.00    2.20  0.4429    30.7100      20180407032018.00
  12   2018/04/07   04:37:11.800   17.2400   -101.0400    36.20    2.22  0.5688    44.3300      20171214054549.00
  13   2018/04/07   05:52:20.380   16.9300   -100.3600    10.00    1.68  0.2445    16.9500      20180407032018.00
  14   2018/04/07   06:09:17.120   17.1800   -101.0700    36.20    2.44  0.3080    24.0000      20171214054549.00
  15   2018/04/07   06:45:56.000   17.1800   -100.2700    36.00    3.30  0.9129    66.2500      20180407064556.00
  16   2018/04/07   08:33:30.240   16.9300   -100.3600    10.00    1.79  0.3085    21.3900      20180407032018.00
  17   2018/04/07   09:12:55.120   16.8000   -100.3500    22.00    2.33  0.3568    22.8400      20180526173109.00
  18   2018/04/07   09:14:03.220   16.7100   -100.2600    22.00    2.20  0.2567    16.4300      20180526173109.00
  19   2018/04/07   09:16:22.880   17.2400   -101.3600     4.20    1.75  0.2727    15.6900      20180817025302.00
  20   2018/04/07   09:23:21.840   16.8600   -100.2000     5.00    2.60  0.7063    51.0800      20180403040211.00
  21   2018/04/07   09:38:35.500   16.9300   -100.3600    10.00    1.79  0.3873    26.8600      20180407032018.00
  22   2018/04/07   09:58:56.700   16.9300   -100.3600    10.00    1.86  0.4522    31.3600      20180407032018.00
  23   2018/04/07   10:00:13.140   16.9700   -100.7600     7.00    2.16  0.1970    15.9500      20180608043253.00
  24   2018/04/07   10:58:38.440   16.9300   -100.3600    10.00    1.91  0.2270    15.7400      20180407032018.00
  25   2018/04/07   11:13:00.800   16.9300   -100.3600    10.00    2.19  0.6745    46.7700      20180407032018.00
  26   2018/04/07   11:23:42.760   16.9700   -100.7900     9.00    1.86  0.2250    18.2100      20180608043253.00
  27   2018/04/07   13:06:33.120   16.9000   -100.9800    13.00    2.48  0.1955    16.1200      20180418163245.00
  28   2018/04/07   14:09:11.880   16.8800   -100.7900     9.00    1.72  0.1919    15.5300      20180608043253.00
  29   2018/04/07   14:11:55.660   17.1600   -100.0700    10.00    2.06  0.6789    50.7300      20180320034504.00
  30   2018/04/07   15:13:32.380   16.9700   -100.6700    -2.00    1.43  0.1996    15.9600      20180608035650.00
  31   2018/04/07   16:01:52.000   16.8800   -100.2400     8.00    3.50  0.8733    57.3800      20180407160152.00
  32   2018/04/07   17:13:45.340   17.1500   -101.4200    10.20    2.20  0.2695    15.5100      20180817025302.00
  33   2018/04/07   18:41:50.000   16.6800   -100.2600    16.00    3.30  0.7871    56.0700      20180407184150.00
  34   2018/04/07   19:34:51.000   17.4700   -101.0600    70.00    3.50  0.9389    69.1700      20180407193451.00
  35   2018/04/07   19:34:58.840   17.2300   -101.1100     8.00    2.98  0.2042    15.9500      20180602104053.00
  36   2018/04/07   19:40:32.000   17.2700   -100.3000    53.00    2.90  0.8793    61.3400      20180407194032.00
  37   2018/04/07   19:48:18.460   16.9700   -100.7300     7.00    1.62  0.1903    15.4000      20180608043253.00
  38   2018/04/07   19:49:28.600   16.8400   -100.4600     3.00    1.97  0.2475    17.6900      20180625132143.00
  39   2018/04/07   19:49:44.060   17.5800   -100.1600    57.00    2.30  0.2087    15.4300      20180125145850.00
  40   2018/04/07   19:49:51.440   17.2700   -100.3000    53.00    2.28  0.6993    48.7900      20180407194032.00
  41   2018/04/07   20:13:06.580   17.4100   -101.1800     9.20    3.37  0.2423    16.9800      20180801124118.00
  42   2018/04/07   22:37:57.780   17.5500   -101.4200    38.00    2.35  0.2078    15.3100      20180915115433.00
  43   2018/04/07   22:46:34.900   17.1600   -100.0700    10.00    1.90  0.4087    30.5400      20180320034504.00
  44   2018/04/07   22:48:20.800   16.9700   -100.7000     3.00    1.51  0.1934    15.6600      20180608043253.00
   1   2018/04/08   02:06:15.620   17.5800   -101.6000    30.00    2.40  0.2510    16.1400      20180312150214.00
   2   2018/04/08   02:06:27.220   17.2400   -101.3600     7.00    2.27  0.2881    16.3900      20181009121741.00
   3   2018/04/08   02:08:20.580   17.1200   -101.0100     8.20    2.38  0.2131    16.9100      20180716135840.00
   4   2018/04/08   02:22:59.760   16.8800   -100.7300     3.00    1.62  0.1975    15.1500      20180608043253.00
   5   2018/04/08   03:31:43.320   17.0000   -100.0100     5.00    2.44  0.4137    29.2500      20180119030356.00
   6   2018/04/08   04:16:55.160   16.9400   -100.7600     6.00    1.98  0.2210    16.4300      20180608035650.00
   7   2018/04/08   04:32:46.000   17.1900   -100.0800    37.00    3.50  1.0000    66.0900      20180408043246.00
   8   2018/04/08   05:58:15.740   17.1600   -100.0700    10.00    2.27  0.6365    46.5900      20180320034504.00
   9   2018/04/08   06:01:29.000   17.1400   -100.1400    30.00    3.30  0.9229    58.4100      20180408060129.00
  10   2018/04/08   09:58:33.000   17.3200   -101.3800    36.00    2.43  0.3214    23.7600      20180507062217.00
  11   2018/04/08   11:18:47.000   17.2800   -101.6000    10.00    2.43  0.2274    15.1500      20180823073727.00
  12   2018/04/08   12:35:42.320   17.1800   -101.4200     4.20    1.64  0.2842    15.4300      20180817025302.00
  13   2018/04/08   13:14:41.820   17.3700   -101.4600     4.00    2.37  0.3297    23.3600      20180902190224.00
  14   2018/04/08   13:14:50.460   17.2800   -101.4100     3.00    1.74  0.2279    15.2100      20180204012610.00
  15   2018/04/08   14:37:41.500   17.1300   -100.0900     9.00    1.73  0.2234    15.5900      20171204190405.00
  16   2018/04/08   14:45:21.000   16.4700   -100.9000    16.00    3.90  0.9488    71.0000      20180408144521.00
  17   2018/04/08   15:10:19.360   17.2400   -101.4200     6.20    1.64  0.2813    15.2700      20180817025302.00
  18   2018/04/08   15:42:04.800   17.3100   -101.2100    18.00    2.63  0.2341    17.2000      20180213081543.00
  19   2018/04/08   15:54:10.000   17.4700   -101.6300    10.00    1.70  0.2205    16.2500      20180411030436.00
  20   2018/04/08   15:54:18.000   17.2800   -101.5400     8.00    2.48  0.2371    15.7900      20180823073727.00
  21   2018/04/08   16:00:17.960   17.0200   -100.2400    48.00    2.16  0.2536    16.7600      20180308063056.00
  22   2018/04/08   17:28:37.420   17.2600   -100.9600     5.00    1.72  0.2109    16.1300      20171203112622.00
  23   2018/04/08   18:43:45.800   16.9900   -100.3400    22.00    2.45  0.3737    25.7000      20180726005704.00
  24   2018/04/08   18:44:54.000   16.8300   -100.1100    25.00    3.60  1.0000    73.3000      20180408184454.00
  25   2018/04/08   19:26:03.940   17.4000   -101.4400    29.00    2.41  0.3447    24.6200      20180110083033.00
  26   2018/04/08   20:18:20.780   17.2700   -101.3900     3.00    1.91  0.2953    16.7500      20181009120826.00
  27   2018/04/08   22:34:10.060   16.4700   -100.9000    16.00    1.10  0.2117    15.8400      20180408144521.00
  28   2018/04/08   22:50:00.740   17.1600   -101.5300    12.00    1.73  0.2260    15.0900      20180517170951.00
   1   2018/04/09   01:57:01.740   17.2900   -101.5500     1.00    2.52  0.2337    15.0700      20180526132043.00
   2   2018/04/09   02:27:14.800   17.0000   -100.7600     5.00    1.65  0.1882    15.1700      20180608043253.00
   3   2018/04/09   04:28:02.060   16.8800   -100.7300     1.00    1.46  0.1877    15.1300      20180608043253.00
   4   2018/04/09   05:19:23.400   17.1600   -100.0700    10.00    2.47  0.2180    16.5300      20180320034504.00
   5   2018/04/09   05:34:23.260   16.9000   -100.2800    22.00    2.49  0.2880    21.3900      20180130044035.00
   6   2018/04/09   05:35:33.740   16.9100   -100.7300     5.00    1.34  0.1929    15.5500      20180608043253.00
   7   2018/04/09   05:42:38.200   16.9400   -100.7900     1.00    1.39  0.2006    16.1800      20180608043253.00
   8   2018/04/09   05:45:41.440   16.9400   -100.7300     9.00    1.45  0.1903    15.3500      20180608043253.00
   9   2018/04/09   05:57:52.180   16.8800   -100.6700     1.00    1.48  0.1938    15.6300      20180608043253.00
  10   2018/04/09   06:06:50.040   17.3200   -101.7000     7.00    2.02  0.2135    15.0000      20180514215426.00
  11   2018/04/09   06:06:57.940   17.2400   -101.4800     5.00    2.04  0.2692    15.1400      20181009121741.00
  12   2018/04/09   06:53:38.620   17.1300   -100.9900    36.00    2.54  0.2222    16.0900      20180617024722.00
  13   2018/04/09   07:21:55.820   17.2800   -101.5400     6.00    2.28  0.2219    15.2900      20180823073727.00
  14   2018/04/09   08:10:26.060   17.1600   -100.0700    10.00    1.88  0.4145    31.4300      20180320034504.00
  15   2018/04/09   08:39:03.860   17.1100   -100.4100    40.00    2.44  0.3363    24.5900      20180608030226.00
  16   2018/04/09   08:47:53.280   16.9700   -100.7300     0.00    1.36  0.1993    16.3000      20180608035650.00
  17   2018/04/09   08:52:14.520   16.8800   -100.6700     5.00    1.45  0.1988    16.0300      20180608043253.00
  18   2018/04/09   12:07:40.420   17.0800   -101.0200    14.70    1.73  0.2868    22.8500      20180721004334.00
  19   2018/04/09   12:14:52.000   17.1000   -100.2400    45.00    3.60  1.0000    74.0500      20180409121452.00
  20   2018/04/09   13:13:29.560   16.9200   -100.0100     5.00    2.56  0.4253    30.2500      20171207024656.00
  21   2018/04/09   13:23:51.720   16.4500   -100.9200    16.00    2.92  0.5767    42.2800      20180624142808.00
  22   2018/04/09   13:25:51.900   17.2700   -101.3600    10.20    1.87  0.2760    15.7600      20180817025302.00
  23   2018/04/09   13:28:20.000   17.0800   -100.0200    47.00    3.50  1.0000    66.9700      20180409132820.00
  24   2018/04/09   13:29:29.800   17.5300   -101.3700    46.30    1.97  0.2514    20.6100      20171123032512.00
  25   2018/04/09   13:30:00.080   16.4500   -100.9200    16.00    1.90  0.3704    27.1600      20180624142808.00
  26   2018/04/09   13:31:00.340   16.4500   -100.9200    16.00    1.68  0.3309    24.2700      20180624142808.00
  27   2018/04/09   13:51:06.420   17.1800   -101.4200     8.20    1.84  0.2762    15.7700      20180817025302.00
  28   2018/04/09   14:29:29.380   17.0700   -100.3200    11.70    3.12  0.2014    15.8700      20180814130004.00
  29   2018/04/09   15:09:23.420   17.5100   -101.0600    11.10    1.57  0.1930    15.6000      20171207045648.00
  30   2018/04/09   15:09:32.900   17.2200   -101.1200    18.00    2.10  0.3591    28.7000      20181113191614.00
  31   2018/04/09   15:35:31.500   16.4200   -100.8900    16.00    1.83  0.2552    18.7100      20180624142808.00
  32   2018/04/09   15:59:04.240   17.4100   -101.7300     4.20    2.90  0.4066    29.6500      20181016191016.00
  33   2018/04/09   16:14:53.500   17.2100   -101.0400    10.20    2.12  0.1873    15.4100      20180716135840.00
  34   2018/04/09   18:04:03.580   17.4400   -101.0600     9.20    2.60  0.2160    15.6700      20180801124118.00
  35   2018/04/09   18:04:13.860   17.1900   -101.1500    20.00    1.99  0.2403    19.2100      20181113191614.00
  36   2018/04/09   18:20:30.840   17.2300   -101.0800     5.00    1.88  0.1956    15.2500      20171203112622.00
  37   2018/04/09   19:36:45.780   16.8000   -100.0800     6.50    2.60  0.3028    19.0300      20180926160104.00
  38   2018/04/09   21:09:50.140   17.2300   -100.7600    20.00    1.90  0.3812    29.4000      20180321003805.00
  39   2018/04/09   21:43:53.500   17.5200   -101.1800    55.70    4.53  0.2027    15.4700      20171202061710.00
  40   2018/04/09   21:44:13.000   17.0100   -101.4600    16.00    3.90  1.0000    70.3500      20180409214413.00
  41   2018/04/09   22:22:49.200   16.8000   -100.1700     8.50    2.74  0.3059    19.2200      20180926160104.00
  42   2018/04/09   23:09:08.340   17.2200   -101.1200    18.00    2.09  0.4461    35.6600      20181113191614.00
  43   2018/04/09   23:23:24.000   17.1600   -100.1900    57.00    3.40  0.8257    53.1400      20180409232324.00
  44   2018/04/09   23:58:05.260   17.3300   -101.6700     5.00   -1.31  0.3806    27.4900      20180403215746.00
   1   2018/04/10   01:01:14.280   17.1800   -101.3900    12.20    1.78  0.2866    15.9000      20180817025302.00
   2   2018/04/10   01:20:27.500   17.3700   -101.4600     4.00    2.73  0.5367    38.8500      20180902190224.00
   3   2018/04/10   01:50:45.440   16.1400   -100.6600    20.00    3.65  0.2734    21.4900      20180224235416.00
   4   2018/04/10   03:20:03.340   17.2700   -100.1900    40.00    2.75  0.2504    19.3800      20180529042357.00
   5   2018/04/10   03:30:57.900   16.5600   -100.3600     6.00    1.39  0.2112    15.9000      20181105124821.00
   6   2018/04/10   03:52:20.800   17.0700   -100.6300     5.80    2.58  0.3778    30.3000      20180826173344.00
   7   2018/04/10   03:56:56.000   17.2300   -100.9400    34.00    3.70  0.9610    77.9000      20180410035656.00
   8   2018/04/10   04:08:38.060   17.3200   -101.1100    10.00    2.62  0.2024    16.1200      20180602104053.00
   9   2018/04/10   04:22:32.700   17.3600   -101.4400    26.00    2.98  0.2950    19.7800      20180614043913.00
  10   2018/04/10   05:21:23.600   17.3000   -101.2000     9.60    2.40  0.2077    15.8600      20180729232343.00
  11   2018/04/10   06:23:53.700   17.6300   -101.9900    16.00    2.63  0.2250    17.3400      20171214180941.00
  12   2018/04/10   06:24:03.220   17.4100   -101.6600     7.00    2.87  0.2398    15.9200      20180312213033.00
  13   2018/04/10   06:24:10.940   16.9800   -101.4700    20.00    2.37  0.2597    17.9700      20180323052743.00
  14   2018/04/10   06:26:50.520   17.2400   -101.0400    36.20    1.89  0.2714    21.2500      20171214054549.00
  15   2018/04/10   07:01:03.160   17.3400   -101.2100    12.00    2.46  0.2146    16.0100      20180213081543.00
  16   2018/04/10   09:53:41.080   17.0300   -100.7000     2.00    1.60  0.2014    16.3000      20180608035650.00
  17   2018/04/10   10:15:08.060   17.3500   -101.7200     7.00    2.66  0.2440    16.1900      20180312213033.00
  18   2018/04/10   10:15:18.460   17.2900   -101.5500     3.00    2.33  0.4308    27.6300      20180526132043.00
  19   2018/04/10   10:31:26.360   17.2900   -101.5500     3.00    2.38  0.3112    19.9600      20180526132043.00
  20   2018/04/10   10:38:52.000   17.0700   -100.0700    39.00    3.70  1.0000    76.0900      20180410103852.00
  21   2018/04/10   10:45:56.300   17.2200   -101.1200    18.00    1.50  0.2664    21.0600      20181113191614.00
  22   2018/04/10   12:34:52.980   17.1900   -100.3500     7.00    1.87  0.3438    26.2700      20180809105016.00
  23   2018/04/10   13:06:11.320   17.3500   -101.4600    28.00    1.89  0.1953    15.1000      20180128221156.00
  24   2018/04/10   14:14:51.400   17.3100   -100.9200    20.00    2.53  0.2265    17.9700      20180417095612.00
  25   2018/04/10   17:34:52.160   17.2900   -101.2400    15.00    2.10  0.4097    30.5400      20180727052137.00
  26   2018/04/10   19:22:00.400   16.9400   -100.7000     4.00    1.49  0.2096    16.9700      20180608035650.00
  27   2018/04/10   20:21:38.800   17.3100   -101.2100    18.00    2.65  0.2201    16.4100      20180213081543.00
  28   2018/04/10   20:39:36.160   17.3200   -101.6400     7.00    2.41  0.2084    15.0500      20180514215426.00
  29   2018/04/10   20:39:42.320   17.1800   -101.3000     8.20    2.00  0.2832    15.7100      20180817025302.00
  30   2018/04/10   21:08:48.880   16.9700   -100.7900     1.00    1.54  0.1918    15.4300      20180608043253.00
  31   2018/04/10   21:49:02.000   17.2900   -101.0800     1.00    2.21  0.2165    17.3300      20171203112622.00
  32   2018/04/10   22:55:10.580   17.3000   -101.6700     7.00    1.81  0.1930    15.0400      20180403215746.00
  33   2018/04/10   23:06:14.980   17.7200   -100.2200   111.40    3.57  0.2757    18.4700      20180730221016.00
   1   2018/04/11   03:04:36.000   17.4700   -101.6300     8.00    3.90  0.9646    64.2300      20180411030436.00
   2   2018/04/11   03:24:55.800   17.4700   -101.6300     8.00    2.78  0.8204    54.6300      20180411030436.00
   3   2018/04/11   05:07:46.100   17.4100   -101.6300    16.00    2.14  0.4018    31.8700      20180129174156.00
   4   2018/04/11   05:38:32.540   17.6000   -101.3800    46.00    2.90  0.2729    17.3500      20180615063312.00
   5   2018/04/11   06:47:30.900   17.2300   -100.8500    11.00    3.55  0.2227    15.8300      20180629155201.00
   6   2018/04/11   07:14:30.440   17.3200   -101.3800    36.00    2.71  0.6261    45.0200      20180507062217.00
   7   2018/04/11   09:04:46.180   17.4700   -101.6300     8.00    1.50  0.3660    24.3700      20180411030436.00
   8   2018/04/11   09:37:17.120   17.1600   -100.0700    10.00    2.44  0.7436    51.1900      20180320034504.00
   9   2018/04/11   09:42:59.740   17.0300   -101.1700    20.10    2.25  0.2530    16.2400      20180915055856.00
  10   2018/04/11   13:25:51.960   17.4700   -101.5900    11.00    2.25  0.3299    22.1800      20180327103746.00
  11   2018/04/11   14:07:18.760   16.8700   -100.0600     5.00    1.70  0.3076    21.8100      20180223121648.00
  12   2018/04/11   14:08:25.600   17.3300   -101.4100    29.00    2.38  0.2936    19.4000      20180111154537.00
  13   2018/04/11   16:16:35.060   17.3400   -100.9000    46.00    0.87  0.2832    22.6400      20180323152016.00
  14   2018/04/11   17:35:04.780   16.6800   -100.2600    16.00    3.27  0.6825    46.2100      20180407184150.00
  15   2018/04/11   19:13:19.060   17.4900   -101.1500    53.70    3.74  0.2217    15.6900      20171202061710.00
  16   2018/04/11   19:55:23.200   17.1100   -100.4100    44.00    2.60  0.2912    19.8500      20180608030226.00
  17   2018/04/11   20:46:43.040   16.9300   -100.3700    24.00    2.45  0.3693    24.6100      20180726005704.00
  18   2018/04/11   21:59:39.560   17.2700   -101.0400    34.20    2.39  0.2656    18.9300      20171214054549.00
  19   2018/04/11   23:07:14.560   17.7200   -100.2200   111.40    3.27  0.2798    21.1800      20180730221016.00
  20   2018/04/11   23:40:56.100   17.2000   -101.0800     9.00    0.97  0.2164    15.6400      20171203112622.00
   1   2018/04/12   00:05:27.440   16.9800   -100.1200     5.00   -0.08  0.4312    30.4500      20180423013354.00
   2   2018/04/12   00:47:01.980   16.8500   -100.0500     9.00    2.89  0.3262    22.2800      20181020002556.00
   3   2018/04/12   00:53:10.840   17.4100   -101.3500     4.00    2.66  0.2336    15.6900      20180103201408.00
   4   2018/04/12   00:53:16.900   17.2700   -101.4500     1.00    2.44  0.2827    16.3200      20181009120826.00
   5   2018/04/12   01:48:29.880   17.2600   -101.0500     5.00    2.42  0.2782    21.0900      20171203112622.00
   6   2018/04/12   02:03:47.300   16.9100   -100.7000     3.00    1.73  0.2218    15.3100      20180608043253.00
   7   2018/04/12   03:00:35.780   17.2600   -100.9600     9.00    2.50  0.1990    15.0900      20171203112622.00
   8   2018/04/12   04:05:18.120   17.0100   -100.6200     3.90    2.36  0.2041    16.0800      20171124004324.00
   9   2018/04/12   04:05:27.060   16.8700   -100.4900     7.00    2.14  0.2546    15.3000      20180419205910.00
  10   2018/04/12   04:15:26.860   17.1500   -101.0700    12.20    2.01  0.2346    18.9100      20180716135840.00
  11   2018/04/12   04:24:13.700   16.9000   -100.3700     9.00    1.84  0.2726    16.3700      20180419205910.00
  12   2018/04/12   06:47:59.000   17.1400   -100.2300    44.00    3.70  0.9607    66.8600      20180412064759.00
  13   2018/04/12   08:36:54.560   16.3000   -100.8800    16.00    2.07  0.2305    18.9000      20171207181936.00
  14   2018/04/12   15:01:30.320   16.9100   -100.3000    12.00    2.38  0.2543    17.7100      20180306225905.00
  15   2018/04/12   15:36:23.160   16.9800   -100.1200     5.00    2.02  0.6053    42.7400      20180423013354.00
  16   2018/04/12   16:09:42.520   16.9800   -100.1200     5.00    2.00  0.6133    43.3100      20180423013354.00
  17   2018/04/12   19:31:51.000   17.2900   -100.4100    49.00    3.50  0.8999    62.5400      20180412193151.00
  18   2018/04/12   19:39:19.780   16.9300   -100.3700    24.00    2.11  0.3099    21.5600      20180726005704.00
  19   2018/04/12   21:11:54.240   16.8800   -100.2100     5.00    1.66  0.5054    34.3100      20171221094332.00
  20   2018/04/12   21:16:36.700   17.0900   -100.1500    29.10    1.85  0.2239    15.0100      20180718033701.00
  21   2018/04/12   22:16:02.740   17.2800   -101.0900    20.00    2.10  0.2957    22.8300      20181113191614.00
  22   2018/04/12   23:00:11.060   17.2900   -101.0200     3.00    2.27  0.2584    19.5900      20171203112622.00
   1   2018/04/13   00:41:34.960   17.2600   -100.9600     3.00    2.68  0.2455    19.0200      20171203112622.00
   2   2018/04/13   05:24:50.440   17.0700   -100.6300     5.80    2.25  0.3587    27.5400      20180826173344.00
   3   2018/04/13   05:25:04.180   17.0700   -100.6300     5.80    2.21  0.2874    22.0600      20180826173344.00
   4   2018/04/13   07:46:19.000   16.7700   -101.7800    16.00    3.90  0.9304    72.4700      20180413074619.00
   5   2018/04/13   07:51:38.040   16.9800   -100.1200     5.00    1.97  0.4438    32.3300      20180423013354.00
   6   2018/04/13   07:59:09.000   17.4000   -101.4100    28.00    3.90  0.8600    57.5200      20180413075909.00
   7   2018/04/13   08:36:14.240   17.3200   -101.7300     9.00    2.59  0.2304    16.2700      20180514215426.00
   8   2018/04/13   08:36:22.040   17.2400   -101.3900    12.20    2.31  0.3077    17.3000      20180817025302.00
   9   2018/04/13   08:56:33.900   16.5500   -101.1000    10.00    1.44  0.2428    17.7400      20180313213048.00
  10   2018/04/13   09:37:42.920   17.3300   -101.3000     7.00    2.34  0.2261    15.9300      20181025114119.00
  11   2018/04/13   10:17:27.940   17.3200   -101.4600    19.00    2.04  0.2378    16.2700      20180915194418.00
  12   2018/04/13   11:09:44.160   16.8500   -101.8000    18.00    2.24  0.2114    15.1100      20180625172543.00
  13   2018/04/13   12:59:36.580   16.9200   -100.2900    21.50    2.82  0.2437    16.5800      20171230095748.00
  14   2018/04/13   13:33:25.880   17.0300   -100.7600     6.00    1.31  0.2010    15.0400      20180608035650.00
  15   2018/04/13   13:56:01.000   17.2500   -101.3000    21.00    2.89  0.2729    19.5500      20181109181128.00
  16   2018/04/13   14:08:40.560   17.1000   -100.6100     9.00    2.36  0.2090    15.3400      20181107192210.00
  17   2018/04/13   14:20:39.960   17.1800   -101.3600    12.20    2.27  0.2682    15.0800      20180817025302.00
  18   2018/04/13   16:27:33.160   17.3100   -101.1700    16.00    2.49  0.2320    16.4900      20180530170231.00
  19   2018/04/13   17:33:07.060   17.4700   -101.6000     7.00    2.79  0.2406    15.2000      20180312213033.00
  20   2018/04/13   17:33:24.280   17.3600   -101.4900     9.00    2.58  0.2752    17.2300      20171214115235.00
  21   2018/04/13   19:18:32.880   16.8800   -100.7000     3.00    1.62  0.2055    15.2500      20180608043253.00
  22   2018/04/13   19:27:26.940   17.1800   -101.3900     4.20    1.75  0.2678    15.0500      20180817025302.00
  23   2018/04/13   20:28:08.000   17.3000   -101.3600     7.00    2.50  0.2990    15.1700      20181009121741.00
  24   2018/04/13   21:37:35.900   17.0800   -100.6900     3.00    2.51  0.3289    25.4400      20180402053532.00
  25   2018/04/13   23:06:50.720   17.1600   -100.0700    10.00    1.81  0.2163    16.3800      20180320034504.00
  26   2018/04/13   23:26:49.040   16.8200   -100.2500    12.00    2.93  0.2707    18.2600      20181106015515.00
   1   2018/04/14   00:21:32.140   16.9100   -100.7900     5.00    0.83  0.2127    16.6200      20180608043253.00
   2   2018/04/14   03:04:04.380   16.8800   -100.7600     1.00    1.59  0.1944    15.1900      20180608043253.00
   3   2018/04/14   03:35:35.500   16.8800   -100.7900     5.00    1.53  0.1925    15.0400      20180608043253.00
   4   2018/04/14   05:00:25.700   17.0600   -100.6400     7.00    2.20  0.5900    47.7400      20180329211048.00
   5   2018/04/14   05:00:40.580   17.0600   -100.6400     7.00    2.13  0.4010    32.4400      20180329211048.00
   6   2018/04/14   05:00:56.740   17.0600   -100.6400     7.00    2.07  0.2131    17.2400      20180329211048.00
   7   2018/04/14   05:13:56.540   17.5500   -101.1800    51.70    3.23  0.1963    15.3000      20171202061710.00
   8   2018/04/14   06:27:38.440   16.9200   -100.0100     5.00    2.64  0.4551    33.7400      20171207024656.00
   9   2018/04/14   06:44:56.000   17.2700   -100.7200    16.00    3.60  0.9507    75.0300      20180414064456.00
  10   2018/04/14   06:50:35.660   17.3800   -101.3800    30.90    2.11  0.2158    17.0700      20171227045039.00
  11   2018/04/14   06:52:38.080   17.2200   -101.3800    11.00    1.96  0.2085    15.0800      20180204012610.00
  12   2018/04/14   07:52:21.380   17.2500   -101.5400     8.00    2.60  0.3604    25.1800      20180823073727.00
  13   2018/04/14   08:10:23.840   17.2800   -101.5700    10.00    2.55  0.3374    23.5800      20180823073727.00
  14   2018/04/14   08:29:38.460   16.9700   -100.7300     9.00    1.62  0.1957    15.2900      20180608043253.00
  15   2018/04/14   08:42:59.600   17.3900   -101.5800     7.00    2.64  0.3106    21.1900      20171214115235.00
  16   2018/04/14   08:50:23.660   17.2200   -101.3800     9.00    1.95  0.2465    17.8300      20180204012610.00
  17   2018/04/14   09:44:22.020   17.1900   -100.3500     7.00    2.00  0.2189    16.4400      20180809105016.00
  18   2018/04/14   10:09:21.820   17.3400   -101.5700    10.00    2.78  0.2160    15.0900      20180823073727.00
  19   2018/04/14   12:06:20.640   17.4700   -101.5900    11.00    3.03  0.3738    27.1300      20180327103746.00
  20   2018/04/14   12:23:39.400   16.9300   -100.2800    20.00    2.59  0.2099    15.0800      20180130044035.00
  21   2018/04/14   13:52:47.540   16.9700   -100.7900     5.00    1.52  0.1952    15.2500      20180608043253.00
  22   2018/04/14   14:27:58.220   17.3600   -101.6100     1.00    2.70  0.2451    16.7200      20171214115235.00
  23   2018/04/14   14:45:33.220   17.0000   -100.6700     3.00    1.64  0.2086    16.3000      20180608043253.00
  24   2018/04/14   18:13:55.800   17.1600   -100.0700    10.00    2.22  0.6005    44.8100      20180320034504.00
  25   2018/04/14   18:14:02.460   17.1600   -100.0700    10.00    2.22  0.5628    42.0000      20180320034504.00
  26   2018/04/14   19:15:04.100   17.2100   -101.0700    32.20    2.08  0.2305    18.0700      20171214054549.00
  27   2018/04/14   19:32:55.620   17.1800   -101.1000    34.20    1.95  0.2218    17.3900      20171214054549.00
  28   2018/04/14   20:13:24.900   17.3000   -101.5100     3.40    2.30  0.4848    31.5900      20180727102152.00
  29   2018/04/14   22:32:56.380   17.3500   -101.0600    17.20    3.40  0.2116    15.5300      20180801124118.00
  30   2018/04/14   22:33:03.080   17.2000   -101.0600     6.00    2.28  0.1902    15.0800      20180304061321.00
  31   2018/04/14   22:51:20.340   17.7200   -100.2200   111.40    3.65  0.3446    22.5100      20180730221016.00
  32   2018/04/14   23:01:29.620   17.2400   -101.4200     5.00    2.10  0.2608    15.6400      20181009120826.00
  33   2018/04/14   23:04:30.460   17.3800   -101.3800    30.90    2.07  0.3095    24.4900      20171227045039.00
  34   2018/04/14   23:16:43.160   17.1600   -100.0700    10.00    1.91  0.3628    27.0700      20180320034504.00
   1   2018/04/15   00:17:20.660   17.3000   -101.4200    27.30    1.55  0.2575    17.2000      20180729025851.00
   2   2018/04/15   01:10:58.300   17.2700   -101.0700    32.20    2.04  0.2564    20.1400      20171214054549.00
   3   2018/04/15   04:51:54.400   17.4400   -101.1800     9.20    3.27  0.2202    16.1300      20180801124118.00
   4   2018/04/15   05:54:43.000   17.1800   -101.3100     5.00    4.50  0.9202    72.3200      20180415055443.00
   5   2018/04/15   06:23:54.000   17.2500   -101.5100     8.00    2.51  0.2418    15.4300      20180823073727.00
   6   2018/04/15   08:24:29.120   17.3000   -101.3000    13.00    2.13  0.2909    20.8000      20180503161729.00
   7   2018/04/15   08:38:42.000   17.2300   -100.4300    38.00    3.40  0.8624    63.7500      20180415083842.00
   8   2018/04/15   08:46:47.260   16.8800   -100.7600     9.00    1.51  0.2062    15.0500      20180608043253.00
   9   2018/04/15   08:46:55.760   16.9700   -100.7300     5.00    1.71  0.2350    17.1600      20180608043253.00
  10   2018/04/15   09:17:07.760   16.9300   -100.1000     5.00    2.63  0.4077    29.8000      20180205085914.00
  11   2018/04/15   09:57:21.440   17.1900   -101.5000     6.00    1.29  0.2104    15.0900      20180517170951.00
  12   2018/04/15   11:34:02.880   17.3100   -101.5700     8.00    2.38  0.2475    15.8000      20180823073727.00
  13   2018/04/15   11:34:44.840   17.4400   -101.1200    11.20    2.99  0.2057    15.0700      20180801124118.00
  14   2018/04/15   11:59:18.280   17.0700   -101.5600    20.00    1.83  0.2296    16.1800      20180323052743.00
  15   2018/04/15   13:09:13.000   16.7400   -100.0700     5.00    3.40  0.9404    66.1500      20180415130913.00
  16   2018/04/15   15:18:35.580   17.2300   -100.9000     6.10    2.55  0.1968    15.5500      20180713124304.00
  17   2018/04/15   16:44:27.000   17.1100   -100.1500    47.00    3.70  0.9601    71.6200      20180415164427.00
  18   2018/04/15   16:44:41.040   16.9000   -100.4900     9.00    3.67  0.2901    17.0200      20180419205910.00
  19   2018/04/15   16:47:15.880   17.1100   -100.1500    47.00    1.72  0.2076    15.4900      20180415164427.00
  20   2018/04/15   17:02:49.500   17.1300   -101.0200    42.00    2.53  0.2091    15.2500      20180617024722.00
  21   2018/04/15   17:03:55.000   17.2000   -101.3900     7.00    4.10  0.9532    69.7200      20180415170355.00
  22   2018/04/15   17:05:41.160   17.1600   -101.4200    20.00    3.18  0.5834    39.4600      20180130012911.00
  23   2018/04/15   17:06:51.180   17.2000   -101.3900     7.00    1.90  0.3761    27.5100      20180415170355.00
  24   2018/04/15   17:12:37.360   17.1800   -101.4000    12.00    1.57  0.2232    15.6700      20180203012100.00
  25   2018/04/15   17:17:04.280   17.2000   -101.3900     7.00    2.46  0.3835    28.0500      20180415170355.00
  26   2018/04/15   17:17:40.480   17.1600   -101.4200    20.00    2.58  0.5419    36.6600      20180130012911.00
  27   2018/04/15   17:24:06.980   17.1600   -101.4200    20.00    4.01  0.5899    39.9000      20180130012911.00
  28   2018/04/15   17:30:04.740   17.2000   -101.3900     7.00    1.62  0.2245    16.4200      20180415170355.00
  29   2018/04/15   17:42:11.800   17.2000   -101.3900     7.00    1.65  0.3122    22.8300      20180415170355.00
  30   2018/04/15   17:47:57.820   17.1800   -101.4000    12.00    1.39  0.2207    15.4900      20180203012100.00
  31   2018/04/15   19:10:10.620   17.2600   -101.5100    33.00    2.35  0.6266    44.5000      20180416032255.00
  32   2018/04/15   20:58:07.400   17.1000   -100.3900    44.80    2.89  0.2343    17.3900      20180715054502.00
  33   2018/04/15   21:49:08.440   17.1600   -101.4200    20.00    2.17  0.4668    31.5800      20180130012911.00
  34   2018/04/15   23:44:17.940   16.9700   -100.7000     2.00    0.59  0.2032    15.3100      20180608035650.00
   1   2018/04/16   01:28:06.040   17.2100   -100.4200    21.00    1.74  0.4005    30.0000      20180126170817.00
   2   2018/04/16   02:23:12.000   17.1800   -101.3300     5.00    3.60  0.9579    63.7900      20180416022312.00
   3   2018/04/16   02:30:41.700   17.1800   -101.1000    34.20    2.50  0.2795    21.2100      20171214054549.00
   4   2018/04/16   02:33:30.120   17.4400   -101.7600     5.00    2.28  0.2568    17.1800      20180418134457.00
   5   2018/04/16   02:33:37.020   17.2900   -101.6100     5.00    2.75  0.2568    16.1000      20180526132043.00
   6   2018/04/16   03:17:38.100   17.4400   -101.1200    17.20    3.72  0.2223    15.1400      20180801124118.00
   7   2018/04/16   03:22:55.000   17.2600   -101.5100    33.00    3.80  0.8660    57.6100      20180416032255.00
   8   2018/04/16   03:57:52.600   17.0400   -100.6600     5.70    1.87  0.2689    21.4500      20180721002846.00
   9   2018/04/16   04:13:53.120   17.1800   -101.3300     5.00    1.94  0.3141    20.9200      20180416022312.00
  10   2018/04/16   05:04:52.840   17.4400   -100.9600    46.00    1.88  0.2101    15.3700      20180420202538.00
  11   2018/04/16   05:22:29.000   17.2600   -101.0500     5.00    1.92  0.2154    16.5100      20171203112622.00
  12   2018/04/16   05:46:58.000   17.4600   -101.4600    32.00    3.70  0.9341    64.4700      20180416054658.00
  13   2018/04/16   06:06:35.900   17.1800   -101.3300     5.00    1.98  0.2358    15.7000      20180416022312.00
  14   2018/04/16   06:59:23.400   17.2300   -101.0500     3.00    1.71  0.2024    15.5100      20171203112622.00
  15   2018/04/16   07:56:52.340   17.2700   -101.5200     5.00    2.49  0.2772    17.8800      20171214115235.00
  16   2018/04/16   09:21:22.220   17.2200   -101.5100     8.00    2.51  0.2345    15.0200      20180823073727.00
  17   2018/04/16   10:21:06.120   17.2500   -101.6100     5.00    2.18  0.3690    21.8700      20180925060425.00
  18   2018/04/16   12:07:56.000   17.2500   -100.2300    56.00    3.30  1.0000    70.7600      20180416120756.00
  19   2018/04/16   13:01:16.480   16.8100   -100.7000     9.00    3.29  0.2038    15.1700      20180520234613.00
  20   2018/04/16   14:51:02.820   17.1900   -100.3500     7.00    1.78  0.2227    15.4600      20180809105016.00
  21   2018/04/16   15:15:36.740   16.9800   -100.0600     5.00    2.82  0.2144    15.3300      20171215020431.00
  22   2018/04/16   15:49:29.040   17.2700   -101.2000     5.60    2.35  0.2264    16.5300      20180729232343.00
  23   2018/04/16   16:00:57.480   17.0600   -100.6400     7.00    2.21  0.6579    53.1000      20180329211048.00
  24   2018/04/16   18:40:36.820   17.2600   -101.1100    12.00    2.15  0.2063    15.1800      20180602104053.00
  25   2018/04/16   22:07:44.560   16.8800   -100.6700     3.00    1.78  0.2003    15.6200      20180608043253.00
  26   2018/04/16   23:28:44.040   17.7200   -100.2200   111.40    3.08  0.3879    24.5900      20180730221016.00
   1   2018/04/17   00:32:58.480   17.3400   -101.5400    10.00    2.20  0.2347    16.1400      20180823073727.00
   2   2018/04/17   00:34:10.040   17.2800   -101.6300    10.00    2.22  0.2375    16.3300      20180823073727.00
   3   2018/04/17   01:31:09.700   17.2800   -101.1200    16.00    2.07  0.2873    22.6800      20181113191614.00
   4   2018/04/17   01:53:53.100   17.2200   -101.1500    20.00    2.11  0.1913    15.1000      20181113191614.00
   5   2018/04/17   02:46:26.240   17.2400   -101.1700    13.60    2.30  0.2012    15.0100      20180729232343.00
   6   2018/04/17   06:31:55.220   17.0500   -101.2300    14.10    3.57  0.2085    15.5600      20171217105708.00
   7   2018/04/17   08:11:47.120   17.2500   -101.4400     9.00    2.21  0.2351    15.9300      20180602153047.00
   8   2018/04/17   09:56:12.000   17.3100   -100.9200    20.00    3.60  0.8991    70.5700      20180417095612.00
   9   2018/04/17   09:59:30.400   16.2000   -100.9100    12.30    1.78  0.2102    17.3400      20171216144146.00
  10   2018/04/17   10:34:24.460   16.9700   -100.7000     1.00    1.75  0.2258    17.9500      20180608043253.00
  11   2018/04/17   12:54:29.560   17.2500   -101.4400     9.00    2.07  0.2237    15.1600      20180602153047.00
  12   2018/04/17   13:23:31.340   16.9100   -100.7900     9.00    1.61  0.1915    15.2200      20180608043253.00
  13   2018/04/17   14:12:16.500   17.2600   -100.4700    47.00    2.67  0.1860    15.0200      20180211031320.00
  14   2018/04/17   14:12:27.920   17.0600   -100.6400     7.00    2.55  0.6748    54.9500      20180329211048.00
  15   2018/04/17   16:32:28.240   17.1000   -100.3900    44.80    2.37  0.5133    39.3100      20180715054502.00
  16   2018/04/17   16:35:34.860   16.7900   -101.5900    10.00    2.95  0.2630    19.7600      20180514002417.00
  17   2018/04/17   17:07:19.940   17.1600   -101.4200    20.00    2.64  0.2215    15.3700      20180130012911.00
  18   2018/04/17   17:43:17.880   17.0700   -100.6300     5.80    1.96  0.2680    21.2500      20180826173344.00
  19   2018/04/17   18:13:48.280   16.9700   -100.6700     0.00    1.65  0.1897    15.1200      20180608035650.00
  20   2018/04/17   19:32:14.800   17.2000   -101.0300    12.00    2.28  0.2466    19.2400      20180304061321.00
  21   2018/04/17   19:32:23.440   17.3000   -101.5800     7.00    2.76  0.2289    15.2500      20171214115235.00
  22   2018/04/17   21:33:40.580   17.3200   -101.2400     4.00    1.87  0.3632    25.1700      20180222224920.00
  23   2018/04/17   22:27:16.340   17.3900   -101.6100     5.00    2.52  0.2505    16.6900      20171214115235.00
  24   2018/04/17   23:03:49.620   17.7200   -100.2200   111.40    3.53  0.2505    15.7200      20180730221016.00
   1   2018/04/18   04:43:13.000   17.0700   -100.3800    20.00    3.50  0.8308    60.0800      20180418044313.00
   2   2018/04/18   07:32:44.460   17.0700   -100.3800    20.00    1.64  0.3083    22.2900      20180418044313.00
   3   2018/04/18   09:32:11.060   17.0100   -100.4200    15.10    1.96  0.3929    27.7200      20180822070311.00
   4   2018/04/18   09:37:00.880   17.0700   -100.4100    21.00    2.58  0.3921    27.5000      20180509094411.00
   5   2018/04/18   10:15:43.920   17.0500   -100.3800    15.00    2.39  0.2139    15.2100      20180506213251.00
   6   2018/04/18   10:28:54.540   17.2000   -101.6800    15.00    3.05  0.4091    28.8800      20180121095854.00
   7   2018/04/18   12:33:19.040   16.7100   -100.2600    22.00    2.27  0.2532    15.3000      20180526173109.00
   8   2018/04/18   13:28:00.640   16.9000   -100.4000    26.00    2.59  0.2472    16.1900      20180726005704.00
   9   2018/04/18   13:44:57.000   17.4400   -101.7600     5.00    3.60  1.0000    66.5200      20180418134457.00
  10   2018/04/18   15:40:28.700   16.9300   -100.9200    15.00    1.86  0.3075    23.3100      20180418163245.00
  11   2018/04/18   15:40:44.780   16.9300   -100.9200    15.00    2.46  0.3288    24.9300      20180418163245.00
  12   2018/04/18   16:32:45.000   16.9300   -100.9200    15.00    3.90  0.9764    74.0300      20180418163245.00
  13   2018/04/18   18:36:43.840   17.2300   -101.6800     9.00    2.58  0.2364    15.0900      20181017050428.00
  14   2018/04/18   21:37:40.400   16.9500   -100.5500     5.00    1.87  0.5807    40.2200      20180301161423.00
  15   2018/04/18   21:46:15.080   17.0700   -100.4100    21.00    3.40  0.7510    52.6800      20180509094411.00
  16   2018/04/18   21:51:52.320   17.0000   -100.7000    -2.00    1.66  0.2315    16.0000      20180608035650.00
  17   2018/04/18   23:15:18.640   17.0700   -100.3800    20.00    1.66  0.2909    21.0400      20180418044313.00
  18   2018/04/18   23:28:30.380   16.9300   -100.9800    11.00    1.61  0.2588    19.6200      20180418163245.00
   1   2018/04/19   02:20:54.000   17.5000   -101.9200     5.00    3.70  0.9530    62.4600      20180419022054.00
   2   2018/04/19   04:50:11.360   17.0700   -100.4100    21.00    2.42  0.2516    17.4600      20180509094411.00
   3   2018/04/19   10:43:16.080   16.3000   -100.8800    16.00    2.08  0.2187    16.1800      20171207181936.00
   4   2018/04/19   15:48:27.960   17.5600   -101.2600    46.00    3.15  0.2493    16.2900      20180630212448.00
   5   2018/04/19   16:39:33.680   16.9000   -100.4000     1.00    2.02  0.3516    18.3200      20180419205910.00
   6   2018/04/19   17:55:07.260   17.2800   -101.2000    18.00    2.17  0.2941    19.2600      20180530170231.00
   7   2018/04/19   18:10:51.340   16.8100   -100.4200     5.00    1.04  0.4050    21.3600      20180419183755.00
   8   2018/04/19   18:15:59.740   16.8400   -100.4200     1.00    1.69  0.4690    24.7300      20180419183755.00
   9   2018/04/19   18:19:27.980   16.9100   -100.7300     9.00    1.62  0.2396    15.8100      20180608043253.00
  10   2018/04/19   18:35:58.620   16.8400   -100.4000     7.00    2.00  0.3183    16.5900      20180419205910.00
  11   2018/04/19   18:37:55.000   16.8100   -100.4200     5.00    3.90  0.9831    51.8400      20180419183755.00
  12   2018/04/19   18:47:54.980   16.8100   -100.4000     5.00    2.00  0.3627    18.9000      20180419205910.00
  13   2018/04/19   18:48:53.000   16.8800   -100.4200     5.00    3.90  0.9367    52.4200      20180419184853.00
  14   2018/04/19   19:01:24.720   16.8400   -100.4300     7.00    2.05  0.3391    17.6700      20180419205910.00
  15   2018/04/19   19:10:50.620   16.8400   -100.4300     5.00    2.48  0.8510    44.3500      20180419205910.00
  16   2018/04/19   19:21:14.120   17.2600   -101.6400     3.00    2.70  0.2537    15.4900      20180526132043.00
  17   2018/04/19   19:47:55.680   16.8400   -100.3700     9.00    2.27  0.3904    20.3500      20180419205910.00
  18   2018/04/19   20:49:05.460   17.3700   -101.4400    31.00    2.34  0.2828    19.6800      20180614045253.00
  19   2018/04/19   20:56:46.000   16.8300   -100.4500     5.00    3.90  0.9848    55.0000      20180419205646.00
  20   2018/04/19   20:57:18.420   16.8400   -100.4300     3.00    3.82  0.3760    19.6000      20180419205910.00
  21   2018/04/19   20:58:00.140   16.8400   -100.4300     5.00    3.32  0.5669    29.5500      20180419205910.00
  22   2018/04/19   20:59:01.080   16.7800   -100.2100    10.00    4.19  0.2619    15.3300      20180216184027.00
  23   2018/04/19   20:59:10.000   16.8400   -100.4300     5.00    3.50  0.8793    45.8200      20180419205910.00
  24   2018/04/19   20:59:51.380   16.8700   -100.3700     9.00    2.71  0.4602    23.9800      20180419205910.00
  25   2018/04/19   21:01:10.760   16.8400   -100.4600     1.00    2.36  0.4637    24.1700      20180419205910.00
  26   2018/04/19   21:10:25.680   16.8400   -100.4300     5.00    2.33  0.4971    25.9000      20180419205910.00
  27   2018/04/19   21:30:56.740   16.8400   -100.4300     5.00    1.99  0.4992    26.0200      20180419205910.00
  28   2018/04/19   21:34:57.200   16.8100   -100.4600     7.00    2.03  0.3292    17.1500      20180419205910.00
  29   2018/04/19   22:46:02.560   16.9000   -100.4000     5.00    1.94  0.4037    21.0400      20180419205910.00
  30   2018/04/19   23:21:54.080   16.8400   -100.4300     5.00    1.70  0.4743    24.7200      20180419205910.00
  31   2018/04/19   23:22:17.980   16.8400   -100.4300     5.00    1.66  0.4565    23.7900      20180419205910.00
  32   2018/04/19   23:34:00.860   17.1600   -100.0700    10.00    1.42  0.3093    20.9000      20180320034504.00
   1   2018/04/20   00:02:22.980   17.3700   -101.4600     4.00    0.44  0.5736    37.8500      20180902190224.00
   2   2018/04/20   00:02:30.280   17.2800   -101.5400     8.00    0.22  0.2312    15.4800      20180823073727.00
   3   2018/04/20   00:50:06.360   16.7800   -100.3700     9.00    1.89  0.3714    19.9300      20180419205910.00
   4   2018/04/20   00:50:23.000   16.8100   -100.4600     1.00    2.16  0.4088    21.9400      20180419205910.00
   5   2018/04/20   00:51:32.400   16.8100   -100.4600     1.00    2.15  0.3988    21.4000      20180419205910.00
   6   2018/04/20   01:13:01.260   16.8400   -100.4300     5.00    1.74  0.3976    21.3400      20180419205910.00
   7   2018/04/20   02:40:29.840   16.8100   -100.4000     5.00    2.04  0.4144    22.2400      20180419205910.00
   8   2018/04/20   02:58:07.580   17.2900   -101.6700     7.00    2.46  0.2887    19.0700      20180514215426.00
   9   2018/04/20   04:28:46.060   16.8700   -100.3700     3.00    1.96  0.2710    18.7000      20180625132143.00
  10   2018/04/20   05:03:16.700   17.0300   -100.7600     4.00    2.18  0.2609    19.1100      20180608035650.00
  11   2018/04/20   05:25:27.360   17.2400   -101.0700    32.20    2.44  0.2170    15.7800      20171214054549.00
  12   2018/04/20   06:39:35.220   16.8400   -100.4300     5.00    2.03  0.5058    27.1500      20180419205910.00
  13   2018/04/20   06:40:12.120   16.8400   -100.4300     5.00    2.09  0.4732    25.4000      20180419205910.00
  14   2018/04/20   06:45:27.400   16.8400   -100.4300     5.00    2.72  0.6693    35.9200      20180419205910.00
  15   2018/04/20   07:02:49.000   17.2900   -101.2200    46.00    3.60  0.9574    64.7400      20180420070249.00
  16   2018/04/20   07:05:00.740   17.2900   -101.2200    46.00    2.89  0.8454    57.1600      20180420070249.00
  17   2018/04/20   08:05:55.620   17.2900   -101.2200    46.00    3.02  0.7461    50.4500      20180420070249.00
  18   2018/04/20   08:38:14.000   16.8900   -100.0200     5.00    3.30  0.9207    60.7700      20180420083814.00
  19   2018/04/20   14:12:55.840   17.2200   -101.6300    10.00    2.73  0.2317    15.5200      20180823073727.00
  20   2018/04/20   16:35:03.680   16.9800   -100.4900     5.30    2.47  0.2303    15.6000      20171220100151.00
  21   2018/04/20   16:55:31.760   17.0900   -100.6000     9.50    2.06  0.2276    16.6000      20180826040405.00
  22   2018/04/20   18:34:49.460   16.9900   -100.1200     5.00    2.23  0.3362    23.0700      20180424203520.00
  23   2018/04/20   20:04:45.880   17.3000   -101.1400    11.60    2.72  0.2291    16.3400      20180729232343.00
  24   2018/04/20   20:25:38.000   17.5000   -100.9600    48.00    3.60  0.9029    63.3600      20180420202538.00
  25   2018/04/20   21:33:14.340   16.9700   -100.7900     4.00    1.60  0.2054    15.0500      20180608035650.00
   1   2018/04/21   01:37:35.640   16.5800   -100.3300     3.50    3.52  0.4747    34.1700      20180815182131.00
   2   2018/04/21   03:55:36.500   17.1000   -100.3900    44.80    3.04  0.6876    52.2600      20180715054502.00
   3   2018/04/21   03:57:57.240   17.2000   -101.0800     9.00    2.16  0.2108    16.2900      20171203112622.00
   4   2018/04/21   04:36:38.260   17.0100   -100.4000    21.20    2.22  0.4129    31.2400      20180930032804.00
   5   2018/04/21   06:27:50.340   17.2100   -100.4200    21.00    1.55  0.2546    19.1500      20180126170817.00
   6   2018/04/21   07:12:15.200   16.9800   -100.1200     5.00    2.08  0.5698    42.1100      20180423013354.00
   7   2018/04/21   08:14:56.300   17.2600   -101.2100     2.00    2.32  0.2171    15.4200      20180222224920.00
   8   2018/04/21   10:46:52.100   17.2100   -101.3900     5.00    2.20  0.3079    17.5200      20181009121741.00
   9   2018/04/21   11:18:50.200   17.2400   -101.3300     3.00    2.26  0.2666    15.7500      20181009120826.00
  10   2018/04/21   11:31:56.900   17.2600   -101.0500     8.00    2.38  0.1847    15.0500      20180602104053.00
  11   2018/04/21   12:45:04.860   17.3700   -101.4700    27.50    2.81  0.3656    25.5900      20180726213121.00
  12   2018/04/21   13:21:34.000   17.0600   -100.0000     5.00    3.40  0.8873    60.1600      20180421132134.00
  13   2018/04/21   15:11:01.740   16.9100   -100.7600     5.00    1.61  0.1960    15.4500      20180608043253.00
  14   2018/04/21   15:52:43.900   16.9800   -100.1200     5.00    2.03  0.2769    20.4700      20180423013354.00
  15   2018/04/21   17:14:36.900   17.3200   -100.9900     3.00    2.05  0.2365    18.2700      20171203112622.00
  16   2018/04/21   18:14:36.320   17.0000   -100.6700     3.00    2.14  0.1969    15.5300      20180608043253.00
  17   2018/04/21   18:56:46.260   16.9000   -100.4300     5.00    2.01  0.2784    16.9100      20180419205910.00
  18   2018/04/21   19:14:14.460   16.9600   -100.3100    14.00    2.87  0.2343    16.5000      20180130044035.00
  19   2018/04/21   19:28:21.480   17.3300   -101.1400     5.60    3.15  0.2251    16.6200      20180729232343.00
  20   2018/04/21   19:28:30.620   17.2100   -101.4200     7.00    2.89  0.2679    15.2500      20181009121741.00
  21   2018/04/21   21:51:00.980   17.5000   -100.9600    48.00    1.96  0.4569    34.7400      20180420202538.00
   1   2018/04/22   00:42:59.360   17.2400   -101.0400    36.20    1.93  0.2411    18.9400      20171214054549.00
   2   2018/04/22   03:54:12.960   17.3800   -101.0600    15.20    3.08  0.2026    15.2500      20180801124118.00
   3   2018/04/22   03:54:19.320   17.3300   -101.2200    33.70    2.76  0.2427    18.6700      20180720025924.00
   4   2018/04/22   06:41:17.000   16.9400   -100.3700    32.00    3.40  0.9192    65.2800      20180422064117.00
   5   2018/04/22   09:04:59.020   17.3200   -100.9900     3.00    1.85  0.1938    15.5500      20171203112622.00
   6   2018/04/22   12:32:41.420   17.3500   -101.0600     9.20    2.68  0.2044    15.3900      20180801124118.00
   7   2018/04/22   12:32:48.420   17.2400   -101.2000    11.60    2.44  0.2108    16.0900      20180729232343.00
   8   2018/04/22   14:07:11.880   17.4600   -101.2400    53.70    3.59  0.2023    15.9200      20171202061710.00
   9   2018/04/22   14:43:57.140   17.3900   -101.4400    36.70    3.11  0.4070    28.4700      20180823020816.00
  10   2018/04/22   16:04:59.300   17.0000   -100.7300     7.00    1.80  0.2049    16.2300      20180608043253.00
  11   2018/04/22   16:56:13.440   16.8200   -100.1700     5.00    2.07  0.2523    18.4200      20180422171505.00
  12   2018/04/22   17:11:18.720   16.8200   -100.1700     5.00    2.41  0.5710    41.6800      20180422171505.00
  13   2018/04/22   17:11:37.080   16.8200   -100.1700     5.00    2.06  0.2275    16.6100      20180422171505.00
  14   2018/04/22   17:15:05.000   16.8200   -100.1700     5.00    3.90  0.9366    68.3800      20180422171505.00
  15   2018/04/22   17:18:08.340   16.8200   -100.2000     7.00    2.02  0.2802    20.4600      20180422171505.00
  16   2018/04/22   17:30:25.340   16.8200   -100.1700     5.00    2.00  0.3468    25.3200      20180422171505.00
  17   2018/04/22   18:11:33.420   17.3200   -101.1500    13.20    3.22  0.2014    15.1600      20180801124118.00
  18   2018/04/22   18:11:40.760   17.3000   -101.0400    38.20    2.93  0.2789    21.9000      20171214054549.00
  19   2018/04/22   19:56:56.940   17.3900   -101.6100     3.00    2.60  0.2592    17.0800      20171214115235.00
  20   2018/04/22   20:22:00.580   17.0900   -101.1400    18.10    2.95  0.2236    16.3900      20180915055856.00
  21   2018/04/22   20:48:33.820   17.2200   -101.1200    18.00    1.78  0.2240    17.7700      20181113191614.00
  22   2018/04/22   23:37:30.040   17.3800   -101.1500     9.20    2.09  0.2276    17.1400      20180801124118.00
   1   2018/04/23   01:33:54.000   16.9800   -100.1200     5.00    3.80  0.9488    66.7400      20180423013354.00
   2   2018/04/23   01:59:21.220   16.8200   -100.1700     5.00    2.19  0.5133    36.5800      20180422171505.00
   3   2018/04/23   02:00:25.420   16.8200   -100.1700     5.00    2.03  0.2165    15.4300      20180422171505.00
   4   2018/04/23   02:12:52.400   16.9900   -100.1200     5.00    2.10  0.4664    30.3400      20180424203520.00
   5   2018/04/23   03:11:54.000   17.2300   -100.8000    43.00    3.90  0.9139    64.6000      20180423031154.00
   6   2018/04/23   03:35:34.160   17.3200   -100.9900     3.00    2.56  0.2701    20.5200      20171203112622.00
   7   2018/04/23   05:42:54.860   16.9800   -100.1200     5.00    2.11  0.2607    18.3400      20180423013354.00
   8   2018/04/23   06:00:54.980   17.2700   -101.0400    32.20    1.98  0.2370    17.7900      20171214054549.00
   9   2018/04/23   06:02:00.400   16.9800   -100.1200     5.00    1.97  0.2445    17.2000      20180423013354.00
  10   2018/04/23   07:03:04.000   17.1600   -100.2700    39.00    3.70  0.9661    67.3400      20180423070304.00
  11   2018/04/23   07:16:42.120   17.2700   -101.0400    38.20    2.31  0.2188    16.4200      20171214054549.00
  12   2018/04/23   07:24:12.740   17.3200   -100.9900     3.00    2.16  0.2593    19.7000      20171203112622.00
  13   2018/04/23   10:39:21.320   17.2700   -101.3300     6.20    1.82  0.3004    16.4000      20180817025302.00
  14   2018/04/23   10:53:09.680   17.3700   -101.4600     4.00    2.74  0.4667    34.1900      20180902190224.00
  15   2018/04/23   11:31:38.120   16.9800   -100.1200     5.00    2.14  0.5156    36.2600      20180423013354.00
  16   2018/04/23   14:00:30.240   16.9400   -100.7900     7.00    1.72  0.2263    16.5600      20180608043253.00
  17   2018/04/23   14:51:12.340   17.3200   -101.3500    30.90    2.34  0.2301    16.9000      20171227045039.00
  18   2018/04/23   15:47:45.080   16.9100   -100.7000     9.00    1.71  0.2150    15.7300      20180608043253.00
  19   2018/04/23   15:50:23.340   17.3400   -101.2000    14.00    2.98  0.2552    17.5200      20180530170231.00
  20   2018/04/23   16:42:00.580   16.9900   -100.1200     5.00    2.00  0.2443    15.8900      20180424203520.00
  21   2018/04/23   18:04:23.580   17.2200   -101.1200    18.00    1.96  0.2652    20.2600      20181113191614.00
  22   2018/04/23   18:29:47.400   16.9900   -100.1200     5.00    2.13  0.4234    27.5400      20180424203520.00
  23   2018/04/23   19:25:08.960   17.2500   -101.5700    10.00    2.78  0.2317    15.9200      20180823073727.00
  24   2018/04/23   19:50:53.180   17.0000   -100.7600     1.00    1.67  0.2055    15.0400      20180608043253.00
  25   2018/04/23   19:53:18.040   17.3200   -100.9900     3.00    1.81  0.2371    18.0200      20171203112622.00
  26   2018/04/23   19:54:45.720   17.3700   -101.4600     4.00    3.08  0.6234    45.6600      20180902190224.00
  27   2018/04/23   19:54:52.480   17.3200   -101.4800    14.00    2.43  0.2158    15.5000      20180823073403.00
  28   2018/04/23   21:23:48.980   17.3400   -101.5100    12.00    2.42  0.2227    15.3000      20180823073727.00
  29   2018/04/23   21:58:21.000   17.2800   -100.7600    37.00    3.80  0.9207    66.3200      20180423215821.00
  30   2018/04/23   23:11:35.920   16.9800   -100.1200     5.00    2.06  0.4882    34.3400      20180423013354.00
  31   2018/04/23   23:59:05.820   17.2500   -101.2000    20.00   -1.38  0.2320    15.9200      20180530170231.00
   1   2018/04/24   00:09:28.440   17.0000   -100.7900     1.00    0.43  0.2063    16.0700      20180608043253.00
   2   2018/04/24   04:03:51.320   17.1700   -100.3900    40.00    2.74  0.4302    32.6200      20180604032311.00
   3   2018/04/24   04:51:56.840   16.4500   -100.9500    16.00    2.23  0.1950    15.1100      20180624142808.00
   4   2018/04/24   08:11:03.800   17.5600   -101.0900    49.60    3.24  0.2123    15.5400      20171211200317.00
   5   2018/04/24   08:11:15.500   17.1200   -101.0400    10.20    2.22  0.2075    16.3000      20180716135840.00
   6   2018/04/24   08:40:00.380   17.1000   -100.3900    44.80    2.39  0.4296    33.2500      20180715054502.00
   7   2018/04/24   08:52:48.040   17.3200   -100.9600     3.00    2.07  0.2444    18.9500      20171203112622.00
   8   2018/04/24   09:14:32.740   16.9100   -100.5300    22.00    3.08  0.2209    15.3800      20180115125143.00
   9   2018/04/24   10:06:19.620   17.2100   -101.3900     4.20    1.80  0.2791    15.2400      20180817025302.00
  10   2018/04/24   10:11:04.720   17.4200   -101.5500    12.10    2.74  0.2224    15.1900      20181023114618.00
  11   2018/04/24   15:18:59.300   17.2200   -101.4700     7.00    1.91  0.2049    15.0400      20180204012610.00
  12   2018/04/24   15:45:57.760   17.2000   -101.0800     7.00    1.77  0.2183    16.9300      20171203112622.00
  13   2018/04/24   16:21:58.340   17.2900   -101.0800    32.00    2.48  0.6876    51.6500      20180507124558.00
  14   2018/04/24   17:30:38.280   16.8400   -100.4900     9.00    2.16  0.3449    22.2400      20180419205910.00
  15   2018/04/24   20:35:20.000   16.9900   -100.1200     5.00    3.50  0.9250    66.4700      20180424203520.00
  16   2018/04/24   21:10:13.120   16.9900   -100.1200     5.00    2.26  0.6450    46.3500      20180424203520.00
  17   2018/04/24   21:19:16.420   17.1000   -101.0200    34.00    3.30  0.3156    23.1100      20180617024722.00
   1   2018/04/25   02:00:04.660   16.4400   -100.9000    20.00    1.56  0.4538    34.8800      20180408144521.00
   2   2018/04/25   03:07:17.380   17.1500   -101.3600    12.00    1.39  0.2726    19.1800      20180203010911.00
   3   2018/04/25   03:19:52.960   16.5200   -100.7700    15.00    2.61  0.2275    15.0300      20180622041336.00
   4   2018/04/25   03:49:09.700   17.2200   -101.1200    20.00    1.66  0.2330    18.4400      20181113191614.00
   5   2018/04/25   09:48:37.300   17.4000   -101.4300     6.00    2.83  0.2148    15.1500      20180902190224.00
   6   2018/04/25   10:18:35.020   17.2700   -101.3600     5.00    2.20  0.2952    17.2400      20181009120826.00
   7   2018/04/25   10:19:08.080   17.1800   -101.4500     3.00    2.10  0.2645    15.4500      20181009120826.00
   8   2018/04/25   11:21:33.800   16.9900   -100.1200     5.00    2.14  0.4158    28.0900      20180424203520.00
   9   2018/04/25   11:35:28.440   17.2100   -101.3900    10.20    2.15  0.2697    15.3100      20180817025302.00
  10   2018/04/25   11:42:58.980   17.2100   -101.6000    10.00    2.76  0.2130    15.6200      20171217090333.00
  11   2018/04/25   12:12:56.000   16.9800   -100.4400    17.00    3.50  0.9420    68.8900      20180425121256.00
  12   2018/04/25   13:17:21.000   17.0400   -100.6500     6.00    3.60  0.8882    70.7300      20180425131721.00
  13   2018/04/25   15:52:01.120   16.7700   -100.3200    22.00    2.31  0.3585    23.1300      20180526173109.00
  14   2018/04/25   17:05:55.620   16.9200   -100.3100    16.30    2.68  0.2917    19.6700      20171231095922.00
  15   2018/04/25   18:46:11.200   17.2300   -101.1400    12.00    2.12  0.1965    15.4700      20180602104053.00
  16   2018/04/25   23:04:57.040   17.7200   -100.2200   111.40    3.50  0.2456    15.1800      20180730221016.00
   1   2018/04/26   00:10:28.340   17.3000   -101.5800     1.00    1.53  0.2431    15.0400      20171214115235.00
   2   2018/04/26   03:29:32.260   17.1100   -100.4100    40.00    2.74  0.3283    22.9500      20180608030226.00
   3   2018/04/26   05:36:12.000   16.8500   -100.1100     5.00    3.30  1.0000    67.3900      20180426053612.00
   4   2018/04/26   06:08:18.980   17.2100   -100.4200    21.00    1.66  0.2043    15.3400      20180126170817.00
   5   2018/04/26   09:10:40.740   17.4900   -101.2400    53.70    3.37  0.2196    15.9100      20171202061710.00
   6   2018/04/26   10:20:22.340   17.5800   -101.6900    30.00    2.76  0.2442    16.2600      20180312150214.00
   7   2018/04/26   11:39:47.760   17.2100   -101.4200    10.20    1.96  0.2638    15.2600      20180817025302.00
   8   2018/04/26   14:54:31.320   17.2900   -100.9600     9.00    1.98  0.2153    16.8200      20171203112622.00
   9   2018/04/26   19:57:46.980   17.4200   -101.4800    33.40    2.23  0.2193    16.3700      20171209150612.00
  10   2018/04/26   20:57:05.020   17.6800   -101.1200    57.30    2.43  0.1886    15.1000      20171225195732.00
  11   2018/04/26   20:57:16.300   17.2500   -101.1800    14.00    3.33  0.2684    19.7300      20180213081543.00
  12   2018/04/26   21:33:43.560   17.3900   -101.3300     9.00    2.22  0.3017    20.9700      20181025114119.00
  13   2018/04/26   22:28:37.380   17.2900   -101.0200     5.00    1.82  0.2252    17.5900      20171203112622.00
   1   2018/04/27   00:42:38.340   17.0800   -101.0200    14.70    2.84  0.2240    17.4100      20180721004334.00
   2   2018/04/27   02:04:40.640   17.5800   -101.6300    34.00    2.74  0.2619    16.8800      20180312150214.00
   3   2018/04/27   02:26:17.320   17.3700   -101.4600     4.00    2.43  0.2291    16.5400      20180902190224.00
   4   2018/04/27   02:45:38.540   16.4700   -100.9000    16.00    2.88  0.2782    20.9000      20180408144521.00
   5   2018/04/27   03:04:22.240   17.4800   -101.0600    11.10    2.30  0.1872    15.6700      20171207045648.00
   6   2018/04/27   03:04:29.840   17.3200   -101.0500     1.00    2.99  0.2511    19.3600      20171203112622.00
   7   2018/04/27   04:36:24.000   17.1300   -100.0600    35.00    3.60  0.8194    59.2300      20180427043624.00
   8   2018/04/27   07:22:35.440   17.2900   -101.2200    46.00    2.40  0.6160    44.8200      20180420070249.00
   9   2018/04/27   08:28:54.660   17.3400   -101.4300     2.00    2.70  0.3227    23.3000      20180902190224.00
  10   2018/04/27   11:54:24.960   17.1000   -100.1400    47.00    2.91  0.2202    16.1500      20180529080528.00
  11   2018/04/27   12:44:41.640   17.0600   -101.1700    18.10    2.11  0.2493    18.1400      20180915055856.00
  12   2018/04/27   13:33:13.040   17.1400   -100.0900    50.00    2.13  0.2994    22.3300      20180117232459.00
  13   2018/04/27   13:43:07.660   17.4600   -101.5100    40.50    2.32  0.3426    24.3700      20171209025821.00
  14   2018/04/27   13:54:28.840   16.2400   -100.7100     6.00    3.36  0.2244    16.3500      20171130213459.00
  15   2018/04/27   14:09:56.400   16.9900   -100.4100    16.00    2.74  0.2368    15.1700      20180520204953.00
  16   2018/04/27   15:17:55.520   17.0300   -100.6100    29.00    2.08  0.2146    16.4400      20180616150312.00
  17   2018/04/27   16:15:43.240   17.3500   -101.1100     8.00    2.02  0.2035    15.4500      20180602104053.00
  18   2018/04/27   16:34:47.580   17.7400   -101.4800    38.50    2.57  0.2342    15.5900      20181003125724.00
  19   2018/04/27   16:34:57.440   17.3600   -101.3000     1.00    2.33  0.2234    15.2800      20181025114119.00
  20   2018/04/27   17:19:42.800   17.2800   -100.9000    44.00    1.28  0.2045    16.5800      20180323152016.00
  21   2018/04/27   17:36:55.040   17.2600   -101.0800    12.00    2.11  0.2194    16.6600      20180602104053.00
  22   2018/04/27   19:18:46.000   16.8400   -100.1000     5.00    3.90  0.8565    61.7000      20180427191846.00
  23   2018/04/27   21:26:07.980   16.9700   -100.6700     5.00    1.76  0.2029    15.0200      20180608043253.00
  24   2018/04/27   22:37:14.760   17.2000   -101.0800     9.00    2.05  0.2518    19.4200      20171203112622.00
  25   2018/04/27   23:00:33.160   17.7200   -100.2200   111.40    3.58  0.2569    15.9100      20180730221016.00
   1   2018/04/28   00:20:20.000   17.2800   -100.4200    40.00    3.60  1.0000    70.4900      20180428002020.00
   2   2018/04/28   01:01:55.120   16.9900   -100.1200     5.00    2.19  0.3737    25.7500      20180424203520.00
   3   2018/04/28   01:15:19.920   17.3300   -101.3400    27.00    1.97  0.2656    18.5200      20180708225122.00
   4   2018/04/28   04:50:36.360   17.2400   -101.0400    36.20    1.98  0.3532    26.6200      20171214054549.00
   5   2018/04/28   05:31:03.360   17.2300   -101.1900    24.00    2.33  0.2255    16.5800      20180924181147.00
   6   2018/04/28   06:18:50.180   17.1800   -100.0400    30.00    3.16  0.2717    18.2300      20180314083712.00
   7   2018/04/28   10:47:17.880   17.3200   -101.4600    21.00    2.16  0.2660    17.3100      20180504065022.00
   8   2018/04/28   11:40:53.020   17.2300   -101.2600    20.00    1.90  0.2939    19.5700      20180318123711.00
   9   2018/04/28   17:54:20.000   17.7500   -101.3600    41.00    4.00  0.9789    75.8400      20180428175420.00
  10   2018/04/28   17:57:09.020   17.7500   -101.3600    41.00    1.59  0.4378    33.9200      20180428175420.00
  11   2018/04/28   20:26:48.500   17.2100   -100.4200    21.00    1.91  0.4585    33.9600      20180126170817.00
  12   2018/04/28   21:42:22.060   17.4600   -101.6000    11.00    2.73  0.6968    47.7700      20180329160943.00
  13   2018/04/28   21:42:31.840   17.2100   -101.5400     6.00    2.77  0.2240    15.8500      20171217090333.00
  14   2018/04/28   21:51:51.920   17.3900   -101.3300     9.00    2.38  0.3125    21.0400      20181025114119.00
   1   2018/04/29   01:03:23.840   16.9200   -100.3100    16.30    2.88  0.2428    16.7700      20171231095922.00
   2   2018/04/29   02:13:19.320   16.8400   -100.1000     7.00    1.41  0.2513    18.7000      20180427191846.00
   3   2018/04/29   02:39:32.520   17.4900   -101.5100    42.50    2.05  0.2631    20.0600      20171209025821.00
   4   2018/04/29   02:52:27.160   17.3200   -100.9900     3.00    1.84  0.2345    18.5600      20171203112622.00
   5   2018/04/29   02:59:26.700   17.0100   -100.0900     1.00    2.76  0.4416    29.3500      20180504215727.00
   6   2018/04/29   03:09:50.660   16.8400   -100.1400    10.50    2.79  0.2513    17.0900      20181030085053.00
   7   2018/04/29   06:16:45.800   17.3700   -101.4600     4.00    2.71  0.2872    19.4600      20180902190224.00
   8   2018/04/29   07:42:20.960   17.3600   -101.5500     9.00    2.84  0.2678    18.1100      20171214115235.00
   9   2018/04/29   07:49:51.320   17.0000   -100.7000     7.00    1.61  0.2293    17.5500      20180608043253.00
  10   2018/04/29   09:33:31.720   17.4200   -101.3000    10.00    1.91  0.2032    15.9700      20180221154306.00
  11   2018/04/29   09:33:41.140   17.3300   -101.5500     3.00    2.33  0.3337    22.5600      20171214115235.00
  12   2018/04/29   11:39:04.340   16.9700   -100.7900     7.00    1.49  0.2117    16.2000      20180608043253.00
  13   2018/04/29   13:51:42.200   17.6500   -101.3100    50.00    2.57  0.2339    17.5300      20180309053940.00
  14   2018/04/29   14:15:12.580   17.1600   -100.0700    10.00    1.72  0.2205    16.6400      20180320034504.00
  15   2018/04/29   14:51:08.180   17.2100   -100.4200    21.00    1.52  0.3234    25.2200      20180126170817.00
  16   2018/04/29   16:10:17.240   17.1800   -101.3000     8.20    1.77  0.2855    15.3800      20180817025302.00
  17   2018/04/29   16:16:39.280   17.2100   -101.3600     8.20    1.81  0.2851    15.3600      20180817025302.00
  18   2018/04/29   16:57:32.560   17.2800   -101.6300     6.00    2.47  0.2401    15.6600      20180823073727.00
  19   2018/04/29   17:01:49.600   17.0100   -101.4400    18.00    2.19  0.2174    15.4200      20180323052743.00
  20   2018/04/29   18:12:46.920   16.5500   -101.1600    12.00    1.61  0.2106    15.8900      20180313213048.00
  21   2018/04/29   18:59:03.220   17.2900   -100.9900     1.00    1.94  0.1901    15.0400      20171203112622.00
  22   2018/04/29   19:43:40.800   17.1000   -100.0300    37.00    2.07  0.1983    15.1900      20180123091659.00
  23   2018/04/29   20:16:30.700   16.9300   -100.4300     9.00    1.82  0.2324    16.6400      20180625132143.00
  24   2018/04/29   20:52:18.640   17.2400   -101.0400    12.20    1.82  0.2332    18.0500      20180716135840.00
  25   2018/04/29   20:52:29.780   17.3100   -101.5400     8.00    2.43  0.2441    15.9200      20180823073727.00
  26   2018/04/29   20:58:57.080   17.2600   -101.1500    14.00    2.20  0.4434    31.9200      20180707085704.00
  27   2018/04/29   21:40:39.240   17.2200   -101.1200    18.00    2.03  0.3426    26.2800      20181113191614.00
   1   2018/04/30   00:41:43.660   16.9100   -100.6700     5.00    1.43  0.2062    15.0300      20180608043253.00
   2   2018/04/30   00:59:42.580   17.1800   -100.9800     6.20    1.64  0.1987    15.5800      20180716135840.00
   3   2018/04/30   01:12:47.300   17.2400   -101.0700    10.20    1.85  0.2201    17.2600      20180716135840.00
   4   2018/04/30   05:33:01.380   17.3700   -101.4600     4.00    3.03  0.4909    34.4800      20180902190224.00
   5   2018/04/30   05:33:08.820   17.2200   -101.3600     5.00    2.53  0.2528    15.9700      20181012055646.00
   6   2018/04/30   05:39:43.000   16.9100   -100.3200     4.00    3.70  0.9700    63.5000      20180430053943.00
   7   2018/04/30   05:40:38.480   16.9100   -100.3200     4.00    3.16  0.8618    56.4100      20180430053943.00
   8   2018/04/30   05:42:50.600   16.9100   -100.3200     4.00    2.30  0.7508    49.1500      20180430053943.00
   9   2018/04/30   05:44:51.200   16.9100   -100.3200     4.00    1.85  0.3237    21.1900      20180430053943.00
  10   2018/04/30   06:02:37.260   16.9100   -100.3200     4.00    1.94  0.5220    34.1700      20180430053943.00
  11   2018/04/30   06:41:36.000   17.1300   -100.8100     8.00    3.40  0.8560    66.8500      20180430064136.00
  12   2018/04/30   06:45:27.620   16.9100   -100.3200     4.00    2.30  0.6891    45.1100      20180430053943.00
  13   2018/04/30   06:47:17.260   16.9100   -100.3200     4.00    1.91  0.2644    17.3100      20180430053943.00
  14   2018/04/30   06:58:16.900   16.9100   -100.3200     4.00    1.76  0.2481    16.2400      20180430053943.00
  15   2018/04/30   07:09:34.000   16.8800   -100.3400     4.00    3.60  0.8572    57.5400      20180430070934.00
  16   2018/04/30   07:51:33.080   17.5700   -101.3500    44.00    2.19  0.2950    19.5500      20180615063312.00
  17   2018/04/30   07:58:54.660   16.2300   -100.8800    15.00    2.93  0.2300    16.6100      20171225145800.00
  18   2018/04/30   08:26:58.780   17.3900   -101.0900    24.60    3.02  0.2071    15.0800      20180729222843.00
  19   2018/04/30   08:27:05.120   17.3800   -101.4000    25.00    3.33  0.2215    15.3400      20180504065022.00
  20   2018/04/30   08:42:08.920   16.9900   -100.1200     5.00    2.02  0.2607    16.9000      20180424203520.00
  21   2018/04/30   08:56:31.000   17.4700   -101.6200     7.00    3.90  0.9144    54.9400      20180430085631.00
  22   2018/04/30   08:56:39.040   17.2100   -101.3300     4.20    2.91  0.2735    15.4200      20180817025302.00
  23   2018/04/30   09:05:15.620   16.8700   -100.3500     5.00    1.36  0.5044    31.1400      20180509212017.00
  24   2018/04/30   09:14:52.600   17.5800   -101.6300    30.00    2.44  0.2867    18.3900      20180312150214.00
  25   2018/04/30   09:15:05.220   17.1800   -101.3300     1.00    1.96  0.2914    17.0800      20181009120826.00
  26   2018/04/30   11:21:31.680   17.1900   -100.3500     7.00    2.09  0.2214    16.0100      20180809105016.00
  27   2018/04/30   12:24:59.840   17.2200   -101.1200    18.00    1.99  0.2106    15.7400      20181113191614.00
  28   2018/04/30   12:39:44.640   17.2200   -101.1200    18.00    1.97  0.2826    21.1200      20181113191614.00
  29   2018/04/30   14:34:56.040   17.0200   -100.2700    44.00    2.53  0.2458    15.4800      20180308063056.00
  30   2018/04/30   18:41:44.040   17.5300   -101.6700    16.00    2.30  0.2720    19.9700      20180326052349.00
  31   2018/04/30   19:29:25.540   17.2300   -100.2600    52.20    2.30  0.2573    18.4900      20180714042231.00
  32   2018/04/30   20:15:28.000   17.1800   -100.0800    14.00    3.40  0.8225    53.7900      20180430201528.00
  33   2018/04/30   21:27:48.020   17.1800   -101.0100     8.20    2.45  0.2016    15.8100      20180716135840.00
