   1   2018/02/01   01:51:35.740   16.8500   -100.1700     5.00    2.81  0.2385    15.7300      20180130061028.00
   2   2018/02/01   02:01:43.000   17.2800   -100.5400    30.00    3.80  0.9081    65.0700      20180201020143.00
   3   2018/02/01   02:30:35.920   16.8000   -100.6800    16.00    2.30  0.2219    15.7600      20180112042810.00
   4   2018/02/01   02:46:38.680   17.2900   -100.8400    30.40    1.95  0.2003    15.3300      20180729112757.00
   5   2018/02/01   08:38:23.640   16.9400   -100.7600     7.00    1.67  0.2382    17.1900      20180608043253.00
   6   2018/02/01   10:38:27.200   17.1400   -100.3900    39.00    2.26  0.3801    27.0900      20180612093635.00
   7   2018/02/01   11:47:01.000   16.8500   -100.2500     5.00    3.60  0.8166    53.5400      20180201114701.00
   8   2018/02/01   13:39:18.080   17.2800   -101.1200    16.00    2.13  0.2040    15.1300      20181113191614.00
   9   2018/02/01   14:03:20.460   17.2400   -101.0400    36.20    2.48  0.2787    19.6900      20171214054549.00
  10   2018/02/01   16:20:53.940   17.2400   -101.1700    48.30    2.18  0.2712    18.8600      20171126040530.00
  11   2018/02/01   16:21:29.040   17.7500   -101.3500    58.00    2.85  0.5945    40.9700      20180213100340.00
  12   2018/02/01   16:29:47.260   17.4400   -101.5100     6.80    2.58  0.3197    23.0400      20180929112959.00
  13   2018/02/01   16:58:16.140   16.3000   -100.8800    16.00    2.98  0.6541    49.0700      20171207181936.00
  14   2018/02/01   17:30:20.300   16.3000   -100.8800    16.00    2.19  0.3556    26.6700      20171207181936.00
  15   2018/02/01   18:36:25.640   16.3000   -100.8800    16.00    1.94  0.2704    20.2800      20171207181936.00
  16   2018/02/01   18:36:52.740   16.3000   -100.8800    16.00    1.92  0.2240    16.8000      20171207181936.00
  17   2018/02/01   21:35:46.560   16.6600   -100.5600    21.40    3.47  0.3904    26.5900      20180811105633.00
  18   2018/02/01   21:55:40.760   17.1300   -100.0400    57.00    2.95  0.2407    16.9200      20180217203521.00
  19   2018/02/01   22:25:23.580   17.3000   -101.0400    38.20    2.28  0.2903    20.5100      20171214054549.00
   1   2018/02/02   00:59:39.540   16.3000   -100.8800    16.00    2.54  0.6464    49.2100      20171207181936.00
   2   2018/02/02   03:08:58.060   17.1100   -101.5500    10.00    3.27  0.6526    42.8400      20181023035948.00
   3   2018/02/02   06:14:53.500   17.3300   -101.4900     5.00    2.70  0.2486    15.2100      20171214115235.00
   4   2018/02/02   08:27:15.260   17.2600   -101.1400     6.00    2.61  0.2298    17.2000      20180602104053.00
   5   2018/02/02   11:21:33.700   16.3000   -100.8800    16.00    2.08  0.3166    24.1000      20171207181936.00
   6   2018/02/02   11:25:06.880   17.2100   -101.0100    32.20    2.32  0.3229    23.1600      20171214054549.00
   7   2018/02/02   16:42:14.800   17.4700   -100.9800    10.80    3.08  0.2251    16.7500      20171203181045.00
   8   2018/02/02   17:01:30.620   17.4400   -100.8600    10.80    1.67  0.2018    15.0200      20171203181045.00
   9   2018/02/02   19:18:12.960   17.3000   -101.2000     9.60    2.62  0.2249    16.2500      20180729232343.00
  10   2018/02/02   19:52:56.720   17.2600   -101.3900    12.00    2.38  0.2394    16.6200      20180823073403.00
  11   2018/02/02   19:54:19.100   16.7500   -101.3600    16.10    2.31  0.2185    16.5000      20180926050409.00
  12   2018/02/02   20:26:34.140   16.9100   -100.5000    26.00    2.65  0.3975    25.0900      20180115125143.00
  13   2018/02/02   20:35:05.480   17.3100   -101.3800     9.00    2.09  0.2317    15.3800      20180204012610.00
   1   2018/02/03   00:03:46.700   17.1500   -101.3600    12.00   -0.12  0.5620    37.0000      20180203010911.00
   2   2018/02/03   00:05:26.440   17.1500   -101.3600    12.00   -0.33  0.2332    15.3500      20180203010911.00
   3   2018/02/03   00:14:52.000   17.0900   -100.2300    46.00    3.60  0.9290    60.6700      20180203001452.00
   4   2018/02/03   00:24:34.180   17.1500   -101.3600    12.00    0.86  0.2622    17.2600      20180203010911.00
   5   2018/02/03   00:25:12.820   17.1500   -101.3600    12.00    1.43  0.5032    33.1300      20180203010911.00
   6   2018/02/03   00:30:33.740   17.1500   -101.3600    12.00    2.18  0.6182    40.6900      20180203010911.00
   7   2018/02/03   00:34:58.260   17.1500   -101.3600    12.00    1.12  0.3415    22.4800      20180203010911.00
   8   2018/02/03   00:50:46.640   17.2900   -101.3000     8.00    2.09  0.2156    15.2000      20180603220129.00
   9   2018/02/03   01:04:41.440   17.1500   -101.3600    12.00    2.14  0.5964    39.2600      20180203010911.00
  10   2018/02/03   01:04:56.200   17.1500   -101.3600    12.00    2.04  0.5126    33.7400      20180203010911.00
  11   2018/02/03   01:09:11.000   17.1500   -101.3600    12.00    4.00  0.9624    63.3600      20180203010911.00
  12   2018/02/03   01:21:00.000   17.1800   -101.3400     8.00    3.90  0.9260    57.8800      20180203012100.00
  13   2018/02/03   01:24:39.120   17.2600   -101.5100    33.00    2.74  0.7707    51.1900      20180416032255.00
  14   2018/02/03   01:27:34.140   17.2600   -101.5100    33.00    2.27  0.5197    34.5200      20180416032255.00
  15   2018/02/03   01:42:58.160   17.1500   -101.3700    12.00    1.57  0.2965    18.5300      20180203012100.00
  16   2018/02/03   01:54:59.300   17.2600   -101.5100    33.00    2.10  0.2592    17.2100      20180416032255.00
  17   2018/02/03   02:10:17.460   17.1500   -101.3600    12.00    1.65  0.3648    24.0100      20180203010911.00
  18   2018/02/03   02:23:32.160   17.0900   -101.1700    16.10    1.97  0.2386    15.8100      20180915055856.00
  19   2018/02/03   02:45:09.460   17.4400   -101.1800    17.20    2.75  0.2520    16.0500      20180801124118.00
  20   2018/02/03   02:45:21.580   17.1800   -101.3400     8.00    2.01  0.5288    33.0500      20180203012100.00
  21   2018/02/03   02:49:54.600   17.1800   -101.3400     8.00    1.45  0.3735    23.3400      20180203012100.00
  22   2018/02/03   03:20:40.360   17.2600   -101.5100    33.00    2.04  0.3825    25.4100      20180416032255.00
  23   2018/02/03   03:22:19.200   17.1500   -101.3400     6.00    1.47  0.2684    16.7800      20180203012100.00
  24   2018/02/03   03:30:42.440   17.1500   -101.3400     6.00    1.44  0.2436    15.2300      20180203012100.00
  25   2018/02/03   03:57:49.240   17.1800   -101.3400     8.00    1.56  0.2526    15.7900      20180203012100.00
  26   2018/02/03   06:50:07.560   16.7700   -100.3200    22.00    2.55  0.3454    20.8700      20180526173109.00
  27   2018/02/03   09:48:08.040   17.1600   -101.4200    20.00    2.68  0.4224    27.0400      20180130012911.00
  28   2018/02/03   10:12:11.020   16.3000   -100.8800    16.00    1.86  0.2980    21.7600      20171207181936.00
  29   2018/02/03   10:28:30.000   17.1800   -101.3400     8.00    1.61  0.2611    16.3200      20180203012100.00
  30   2018/02/03   13:04:23.900   16.9400   -100.1300    27.00    3.28  0.3014    17.5000      20181108042129.00
  31   2018/02/03   17:45:37.040   17.1600   -101.4200    20.00    3.10  0.8514    54.5000      20180130012911.00
  32   2018/02/03   19:37:02.720   16.9700   -100.7000     9.00    1.94  0.2843    18.2700      20180608043253.00
  33   2018/02/03   21:30:01.720   17.2500   -101.3600    14.00    3.44  0.2303    15.6100      20180129235004.00
  34   2018/02/03   21:56:52.860   17.2200   -101.3000     7.00    2.14  0.2684    15.4800      20181012055646.00
  35   2018/02/03   23:52:45.260   17.7200   -100.2200   111.40    1.85  0.3395    22.7300      20180730221016.00
   1   2018/02/04   00:29:39.160   16.7400   -100.3200    20.00    1.88  0.3912    25.5000      20180526173109.00
   2   2018/02/04   00:50:02.920   16.8500   -100.1700     5.00    2.59  0.3711    23.3600      20180130061028.00
   3   2018/02/04   01:08:11.100   17.2400   -101.4200     6.20    1.83  0.2639    15.8500      20180817025302.00
   4   2018/02/04   01:26:10.000   17.2800   -101.4400     7.00    4.00  0.9791    65.4800      20180204012610.00
   5   2018/02/04   01:27:04.920   17.3200   -101.4200    10.00    2.89  0.5056    36.4400      20180823073403.00
   6   2018/02/04   01:29:09.700   17.3200   -101.4200    10.00    2.24  0.4044    29.1500      20180823073403.00
   7   2018/02/04   01:31:09.280   17.2500   -101.6000     8.00    2.71  0.2723    18.5100      20180823073727.00
   8   2018/02/04   01:40:25.520   17.4400   -101.7200     5.00    2.88  0.2311    16.1000      20180312213033.00
   9   2018/02/04   01:40:36.120   17.1900   -101.4800    13.00    1.87  0.4052    31.7000      20180204052704.00
  10   2018/02/04   01:43:46.120   17.2800   -101.5400     6.00    2.61  0.2950    20.0600      20180823073727.00
  11   2018/02/04   01:48:04.160   17.1900   -101.4800    13.00    2.63  0.6462    50.5500      20180204052704.00
  12   2018/02/04   01:49:00.600   17.2800   -101.5400    12.00    2.48  0.2775    18.8700      20180823073727.00
  13   2018/02/04   03:57:19.680   17.4400   -101.0600    15.20    2.42  0.2274    16.0100      20180801124118.00
  14   2018/02/04   05:27:04.020   17.1900   -101.4800    13.00    4.30  0.8536    66.7800      20180204052704.00
  15   2018/02/04   05:27:28.000   17.2500   -101.4400     5.00    3.83  0.2583    17.2700      20180204012610.00
  16   2018/02/04   05:30:56.380   17.3100   -101.5000    11.00    2.15  0.3109    20.7900      20180204012610.00
  17   2018/02/04   05:39:26.280   17.2200   -101.4400     9.00    2.12  0.2385    15.9500      20180204012610.00
  18   2018/02/04   05:40:20.300   17.5000   -101.6300     1.00    3.07  0.2186    15.3000      20180510100224.00
  19   2018/02/04   05:40:28.480   17.2800   -101.4400     7.00    2.43  0.4423    29.5700      20180204012610.00
  20   2018/02/04   05:56:54.420   17.3400   -101.4700     7.00    2.01  0.2435    16.2900      20180204012610.00
  21   2018/02/04   06:14:20.500   17.2200   -101.5000    11.00    1.78  0.2478    16.5700      20180204012610.00
  22   2018/02/04   06:46:47.000   17.2800   -100.3400    42.00    3.20  1.0000    70.2700      20180204064647.00
  23   2018/02/04   06:48:55.260   17.2400   -101.3900     4.20    1.94  0.2603    15.6400      20180817025302.00
  24   2018/02/04   07:14:25.960   17.3100   -101.5400     6.00    2.44  0.2277    15.4800      20180823073727.00
  25   2018/02/04   07:44:05.000   17.0800   -100.2700    42.00    3.20  0.9493    64.1000      20180204074405.00
  26   2018/02/04   12:27:18.940   17.3400   -101.6000    10.00    2.71  0.2320    15.7800      20180823073727.00
  27   2018/02/04   13:15:42.720   17.3100   -101.4700     9.00    1.96  0.2246    15.0200      20180204012610.00
  28   2018/02/04   14:11:12.760   17.3700   -101.4600     4.00    2.43  0.3096    21.0300      20180902190224.00
  29   2018/02/04   14:16:25.160   17.1500   -101.4200     6.20    2.08  0.2775    16.6700      20180817025302.00
  30   2018/02/04   16:35:44.780   16.9100   -101.8000    20.00    2.31  0.2131    15.5400      20180625172543.00
  31   2018/02/04   17:07:06.560   17.5400   -101.2000    47.00    3.03  0.2412    16.4000      20180102234441.00
  32   2018/02/04   18:13:49.760   17.3000   -101.0400    38.20    1.98  0.2804    20.1000      20171214054549.00
  33   2018/02/04   21:30:04.980   17.6400   -101.1800     5.00    2.34  0.3206    23.5100      20171201025049.00
  34   2018/02/04   21:48:03.300   17.1800   -100.1400    16.00    2.83  0.2411    15.7200      20180430201528.00
  35   2018/02/04   21:55:17.740   17.2400   -101.3300    10.20    1.60  0.2615    15.7100      20180817025302.00
  36   2018/02/04   23:09:38.940   17.2700   -101.3600     1.00    1.77  0.2422    15.3500      20181009120826.00
  37   2018/02/04   23:30:07.720   17.1800   -101.3600     8.20    1.41  0.2609    15.6700      20180817025302.00
   1   2018/02/05   04:39:32.280   16.9400   -100.6700    -2.00    1.46  0.2425    15.4400      20180608035650.00
   2   2018/02/05   05:02:40.320   16.9900   -100.6800     5.00    2.12  0.2887    22.0000      20171121174053.00
   3   2018/02/05   05:16:19.180   17.2000   -101.6200     3.00    2.72  0.2306    15.6100      20181017050428.00
   4   2018/02/05   05:21:03.720   17.2000   -101.6200     3.00    2.72  0.2487    16.8300      20181017050428.00
   5   2018/02/05   05:24:17.020   17.2000   -101.6200     3.00    2.47  0.2472    16.7300      20181017050428.00
   6   2018/02/05   06:07:43.260   17.4700   -101.6100    18.00    2.46  0.5430    35.0100      20180326052349.00
   7   2018/02/05   06:52:07.240   17.4700   -101.6100    18.00    3.45  0.6101    39.3400      20180326052349.00
   8   2018/02/05   07:16:10.020   17.1700   -100.3900    40.00    2.25  0.2579    17.2800      20180604032311.00
   9   2018/02/05   07:31:16.040   16.9900   -100.6800     5.00    1.37  0.2770    21.1100      20171121174053.00
  10   2018/02/05   08:59:14.000   16.9300   -100.1000     5.00    3.00  1.0000    65.8300      20180205085914.00
  11   2018/02/05   09:11:23.500   17.2900   -101.2400    13.00    3.05  0.4802    32.3500      20180727052137.00
  12   2018/02/05   10:00:37.240   17.5200   -101.2100    36.90    3.29  0.2171    15.1300      20180911004535.00
  13   2018/02/05   10:46:45.000   17.0700   -100.4000    33.00    3.50  0.8567    55.3000      20180205104645.00
  14   2018/02/05   15:05:16.560   17.0900   -100.2700    37.50    2.28  0.3037    20.4000      20171130134156.00
  15   2018/02/05   15:47:26.200   16.3000   -100.8800    16.00    1.63  0.3327    25.0800      20171207181936.00
  16   2018/02/05   16:42:52.640   17.3300   -101.2000    11.60    2.61  0.2828    19.5800      20180729232343.00
  17   2018/02/05   17:23:57.860   16.9600   -100.3900    11.00    2.79  0.2545    16.6300      20180215114100.00
  18   2018/02/05   17:25:47.880   16.9600   -100.3900    11.00    2.72  0.2480    16.2100      20180215114100.00
  19   2018/02/05   18:00:24.860   16.9600   -100.3900    11.00    2.52  0.2436    15.9200      20180215114100.00
  20   2018/02/05   18:02:09.260   16.9600   -100.3900    11.00    2.77  0.2631    17.2000      20180215114100.00
  21   2018/02/05   18:03:52.980   16.9600   -100.3900    11.00    2.78  0.2688    17.5700      20180215114100.00
  22   2018/02/05   19:23:17.120   17.2400   -101.0400    36.20    1.98  0.3484    24.7500      20171214054549.00
  23   2018/02/05   21:21:23.000   17.0800   -100.1200    43.00    3.50  0.8316    57.1500      20180205212123.00
  24   2018/02/05   23:54:17.520   17.7200   -100.2200   111.40    1.68  0.2557    19.2600      20180730221016.00
   1   2018/02/06   00:06:14.800   17.6100   -101.3900    47.60    1.21  0.4702    35.6700      20171121143004.00
   2   2018/02/06   01:17:17.260   17.1000   -100.6100     7.00    2.56  0.3433    24.0300      20181107192210.00
   3   2018/02/06   01:48:03.940   17.3500   -101.1400    10.00    2.06  0.2230    15.2100      20180602104053.00
   4   2018/02/06   02:48:59.620   17.4200   -101.3000    12.00    2.48  0.2253    15.9800      20180221154306.00
   5   2018/02/06   03:33:43.520   17.2700   -101.0700    32.20    2.14  0.2435    16.5700      20171214054549.00
   6   2018/02/06   03:50:17.460   16.8800   -100.6700     1.00    1.64  0.2319    15.6700      20180608043253.00
   7   2018/02/06   09:45:32.300   17.4300   -101.4400    30.00    2.02  0.2388    15.3000      20180413075909.00
   8   2018/02/06   10:07:23.160   16.5300   -100.9300    16.00    1.26  0.2162    15.0300      20180408144521.00
   9   2018/02/06   10:32:37.000   16.9900   -100.1600    10.00    3.30  0.9695    63.4800      20180206103237.00
  10   2018/02/06   10:49:30.400   17.3900   -101.5400    33.00    3.40  0.2647    17.9000      20181110233113.00
  11   2018/02/06   11:09:18.000   17.2300   -100.3200    42.00    3.50  0.9713    63.5700      20180206110918.00
  12   2018/02/06   11:47:44.580   16.9100   -100.7900     9.00    1.49  0.2329    15.7400      20180608043253.00
  13   2018/02/06   12:07:07.100   16.4600   -100.7100    17.00    1.70  0.4611    30.5800      20180622041336.00
  14   2018/02/06   14:16:07.160   17.3000   -101.0400    38.20    2.00  0.2205    15.0000      20171214054549.00
  15   2018/02/06   21:21:16.320   17.1500   -100.9800    12.20    1.86  0.2146    15.2500      20180716135840.00
  16   2018/02/06   21:39:06.020   16.2100   -100.8600    17.40    2.66  0.2833    20.7400      20171128230549.00
  17   2018/02/06   21:43:08.640   16.2700   -100.8600    19.40    1.92  0.2294    16.7900      20171128230549.00
  18   2018/02/06   21:45:39.920   16.3000   -100.8800    16.00    1.90  0.2453    17.6600      20171207181936.00
  19   2018/02/06   21:49:05.640   16.2700   -100.8600    19.40    1.89  0.2399    17.5700      20171128230549.00
  20   2018/02/06   22:05:20.760   16.2700   -100.8600    19.40    2.49  0.2750    20.1300      20171128230549.00
  21   2018/02/06   22:08:28.820   16.3300   -100.9100    16.00    1.95  0.2366    17.0400      20171207181936.00
  22   2018/02/06   22:53:49.660   16.3000   -100.8800    16.00    1.86  0.3599    25.9200      20171207181936.00
  23   2018/02/06   23:22:53.500   16.3000   -100.8800    16.00    1.99  0.2952    21.2600      20171207181936.00
   1   2018/02/07   00:07:26.620   16.2600   -100.9100    16.30    0.42  0.1889    15.1300      20171216144146.00
   2   2018/02/07   00:15:54.720   16.3300   -100.9100    16.00    1.22  0.2078    16.0200      20171207181936.00
   3   2018/02/07   00:21:44.280   16.3000   -100.8800    16.00    1.75  0.3135    24.1700      20171207181936.00
   4   2018/02/07   00:30:45.620   17.2400   -101.1400    46.30    1.81  0.2501    19.7600      20171126040530.00
   5   2018/02/07   01:54:24.320   16.9400   -100.1400     5.00    3.83  0.3195    23.8100      20180523233122.00
   6   2018/02/07   01:55:32.380   16.2600   -100.9100    16.30    2.64  0.3137    25.1300      20171216144146.00
   7   2018/02/07   01:55:40.220   16.5300   -100.9600    20.00    2.11  0.2010    15.5600      20180408144521.00
   8   2018/02/07   02:51:25.140   16.3000   -100.8800    16.00    2.37  0.2547    19.6400      20171207181936.00
   9   2018/02/07   04:15:57.000   16.9500   -100.4500    11.00    3.60  0.8742    65.5600      20180207041557.00
  10   2018/02/07   04:16:04.940   16.9100   -100.7300     6.00    2.71  0.1909    15.8700      20180608035650.00
  11   2018/02/07   04:18:34.600   17.6200   -101.4000    44.00    3.49  0.4018    26.3300      20180809084155.00
  12   2018/02/07   04:29:23.000   16.9100   -100.0500    32.00    3.30  1.0000    61.2900      20180207042923.00
  13   2018/02/07   04:58:22.520   17.0900   -100.6400    11.00    2.40  0.2350    19.3000      20180329211048.00
  14   2018/02/07   06:12:12.680   17.2600   -101.5100    33.00    2.62  0.5424    37.3100      20180416032255.00
  15   2018/02/07   06:13:14.940   17.2600   -101.5100    33.00    2.36  0.2656    18.2700      20180416032255.00
  16   2018/02/07   08:17:08.360   17.4100   -101.0900     9.20    2.92  0.2455    17.2600      20180801124118.00
  17   2018/02/07   08:17:17.480   17.2600   -101.1400    14.00    2.47  0.2393    19.3100      20180602104053.00
  18   2018/02/07   08:39:03.980   17.3600   -101.1800    20.60    2.85  0.2053    16.1300      20180729222843.00
  19   2018/02/07   08:39:12.940   17.3000   -100.9700     8.00    2.65  0.1832    15.1500      20181015190818.00
  20   2018/02/07   10:05:19.020   17.1300   -100.9800    18.00    2.12  0.1821    15.6800      20180612183807.00
  21   2018/02/07   11:15:56.360   17.2500   -101.3900     9.00    2.94  0.3406    21.1500      20181012055646.00
  22   2018/02/07   12:20:48.340   17.2800   -101.3600     7.00    2.13  0.2946    18.3000      20181012055646.00
  23   2018/02/07   14:37:03.040   17.3200   -101.5500     9.00    2.34  0.3495    22.0900      20180526132043.00
  24   2018/02/07   15:30:45.820   17.5200   -101.6900    30.00    3.22  0.2575    16.9300      20180312150214.00
  25   2018/02/07   15:30:57.240   17.2400   -101.3900     4.20    2.62  0.2838    16.4000      20180817025302.00
  26   2018/02/07   16:55:02.860   17.3600   -101.2500    35.70    3.11  0.2051    15.5700      20180720025924.00
  27   2018/02/07   16:55:10.800   17.0600   -101.2000    16.10    3.22  0.2380    16.9400      20180915055856.00
  28   2018/02/07   17:26:04.080   17.3600   -101.4300    25.10    2.91  0.4476    34.8400      20171121065832.00
  29   2018/02/07   17:34:34.540   17.2700   -101.2000     5.60    3.18  0.2093    15.7700      20180729232343.00
  30   2018/02/07   18:00:33.660   16.8800   -100.7000     7.00    1.55  0.2032    16.7500      20180608043253.00
  31   2018/02/07   18:44:28.440   17.0000   -100.1700    45.00    3.02  0.3809    28.2600      20180118132223.00
  32   2018/02/07   18:44:36.660   17.0700   -100.4200    29.80    3.19  0.1849    15.4400      20180722080346.00
  33   2018/02/07   18:44:44.680   16.9700   -100.7600     5.00    2.62  0.2061    17.0000      20180608043253.00
  34   2018/02/07   19:24:40.700   17.2900   -101.2400    19.00    2.30  0.2159    16.1800      20180727052137.00
  35   2018/02/07   20:40:05.660   17.5800   -101.5700    34.00    4.78  0.2385    15.6900      20180312150214.00
  36   2018/02/07   21:11:36.400   17.5800   -101.6000    34.00    2.87  0.2352    15.4700      20180312150214.00
  37   2018/02/07   22:28:37.380   16.9800   -100.4400    17.00    2.21  0.2702    20.8400      20180425121256.00
  38   2018/02/07   22:43:43.540   17.1500   -101.0100     6.20    2.24  0.1806    15.2500      20180716135840.00
  39   2018/02/07   23:22:25.460   16.7700   -101.7800    16.00    2.30  0.3474    28.1400      20180413074619.00
   1   2018/02/08   00:27:58.300   17.3000   -101.3800    29.00    1.76  0.2344    16.2000      20180111154537.00
   2   2018/02/08   01:12:42.880   16.9500   -100.5400     6.00    2.75  0.2159    15.6500      20180628062924.00
   3   2018/02/08   01:15:58.080   16.9100   -101.5800    17.00    2.57  0.2186    16.7700      20171123131548.00
   4   2018/02/08   01:49:57.760   16.9400   -100.7300     1.00    1.54  0.2139    16.0900      20180608043253.00
   5   2018/02/08   02:34:42.660   16.2000   -100.9100    12.30    1.78  0.1996    16.0100      20171216144146.00
   6   2018/02/08   02:54:48.760   17.2400   -101.1700    46.30    1.90  0.4709    36.9300      20171126040530.00
   7   2018/02/08   04:21:57.780   16.3000   -100.8800    16.00    2.00  0.2663    22.4300      20171207181936.00
   8   2018/02/08   04:51:34.660   16.2600   -100.9100    16.30    2.82  0.3411    27.3600      20171216144146.00
   9   2018/02/08   05:17:12.200   16.8800   -100.7600     1.00    1.67  0.2107    15.8500      20180608043253.00
  10   2018/02/08   10:03:02.540   16.9700   -100.7900     4.00    1.57  0.2027    15.1500      20180608035650.00
  11   2018/02/08   11:32:37.080   16.8300   -101.5800    16.10    2.28  0.2105    16.0500      20171123164021.00
  12   2018/02/08   12:15:13.600   17.3000   -101.1000    38.20    2.32  0.2128    16.0700      20171214054549.00
  13   2018/02/08   12:16:10.000   17.1800   -101.3500    10.70    2.74  0.2423    15.2600      20181002115947.00
  14   2018/02/08   12:27:35.080   16.4900   -101.1000     6.00    2.58  0.1961    15.2000      20180313213048.00
  15   2018/02/08   16:05:05.400   17.2900   -101.2900    16.00    1.79  0.2159    15.6300      20180318123711.00
  16   2018/02/08   16:38:11.440   17.1600   -101.1800    18.00    1.52  0.1963    15.2200      20181113191614.00
  17   2018/02/08   17:41:22.580   17.3100   -100.7800    10.00    2.40  0.3606    27.6500      20180527202249.00
  18   2018/02/08   17:58:56.020   17.7500   -101.3500    58.00    1.53  0.2205    16.9600      20180213100340.00
  19   2018/02/08   18:48:45.540   16.8000   -100.6800    16.00    2.32  0.2045    15.0700      20180112042810.00
  20   2018/02/08   19:08:45.580   17.4100   -100.8300    15.00    1.57  0.1896    15.4400      20180629120639.00
  21   2018/02/08   19:16:06.660   17.2400   -101.1700    44.30    1.64  0.2028    15.9000      20171126040530.00
  22   2018/02/08   19:37:49.520   16.3000   -100.8800    16.00    1.97  0.6316    53.2200      20171207181936.00
  23   2018/02/08   19:45:50.000   17.7300   -101.7000    34.00    3.90  0.9645    64.1100      20180208194550.00
  24   2018/02/08   19:46:05.260   17.1500   -101.3900     5.00    3.66  0.2944    16.7000      20181009120826.00
  25   2018/02/08   19:59:15.880   16.9000   -100.3400    18.00    2.54  0.3305    23.2600      20180130044035.00
  26   2018/02/08   21:36:58.480   17.5400   -101.1400    49.00    3.80  0.2165    15.1500      20180102234441.00
  27   2018/02/08   21:37:06.480   17.2700   -101.2000     5.60    2.85  0.2076    15.3500      20180729232343.00
  28   2018/02/08   21:46:10.100   17.3000   -101.2000    11.60    2.47  0.2250    16.6300      20180729232343.00
  29   2018/02/08   22:32:17.480   16.3000   -100.8800    16.00    2.25  0.6695    56.4100      20171207181936.00
  30   2018/02/08   23:56:23.540   17.7200   -100.2200   111.40    1.02  0.2495    16.9500      20180730221016.00
   1   2018/02/09   01:47:51.040   16.9100   -101.5800    15.00    3.54  0.2470    19.1700      20171123131548.00
   2   2018/02/09   01:56:14.540   17.4600   -101.6000    11.00    2.30  0.2320    15.8100      20180329160943.00
   3   2018/02/09   02:25:29.620   17.4700   -101.6100    18.00    2.38  0.4598    32.1400      20180326052349.00
   4   2018/02/09   02:32:02.860   16.9200   -100.0500    27.40    3.46  0.3409    24.8700      20171214150645.00
   5   2018/02/09   05:12:31.360   17.4900   -101.1800    53.70    5.14  0.2119    15.0900      20171202061710.00
   6   2018/02/09   06:42:53.340   17.1000   -100.3900    44.80    2.24  0.2295    17.0500      20180715054502.00
   7   2018/02/09   09:44:54.680   16.9100   -100.7000     2.00    1.56  0.2022    15.3800      20180608035650.00
   8   2018/02/09   10:08:35.340   17.3800   -101.6400     1.00    2.74  0.2467    15.5500      20180526132043.00
   9   2018/02/09   10:11:23.660   17.2500   -101.3200    10.00    2.30  0.1908    15.1300      20180709101622.00
  10   2018/02/09   12:01:33.620   17.2200   -101.1200    18.00    1.99  0.2376    18.0800      20181113191614.00
  11   2018/02/09   16:03:46.840   17.3500   -101.3400     7.40    2.23  0.2391    17.0900      20180801062459.00
  12   2018/02/09   16:17:33.000   16.9400   -100.4100    17.00    3.40  0.9423    64.4900      20180209161733.00
  13   2018/02/09   16:23:41.300   16.9400   -100.4100    17.00    2.73  0.3775    25.8400      20180209161733.00
  14   2018/02/09   17:33:25.160   17.5400   -101.3500    47.40    2.66  0.2065    15.9300      20171217204725.00
  15   2018/02/09   18:40:06.380   16.9700   -100.7600     3.00    1.56  0.2013    16.1000      20180608043253.00
   1   2018/02/10   01:07:38.760   17.2100   -101.3600    12.20    2.12  0.2755    16.3000      20180817025302.00
   2   2018/02/10   06:37:25.380   17.3100   -101.3800     5.00    2.10  0.2443    15.1300      20180204012610.00
   3   2018/02/10   06:52:36.600   17.2800   -101.3600     7.00    2.11  0.3097    19.3900      20181012055646.00
   4   2018/02/10   07:15:08.000   16.8500   -100.2100     7.00    3.40  0.9694    61.3700      20180210071508.00
   5   2018/02/10   15:32:39.100   17.3600   -100.7700    47.40    2.08  0.1831    15.1400      20181019123149.00
   6   2018/02/10   15:33:19.000   16.8100   -100.0600     8.00    3.80  0.9609    69.2700      20180210153319.00
   7   2018/02/10   16:02:21.960   17.3100   -101.2100    16.00    2.58  0.2600    19.1800      20180213081543.00
   8   2018/02/10   17:21:38.300   16.9100   -100.7900     2.00    2.61  0.2113    16.8400      20180608035650.00
   9   2018/02/10   18:35:56.000   17.6300   -101.1800    56.00    3.70  0.6984    50.1500      20180210183556.00
  10   2018/02/10   19:22:44.620   17.3100   -101.2100    16.00    2.20  0.3219    23.7400      20180213081543.00
  11   2018/02/10   20:53:24.420   17.4400   -101.1500     9.20    2.38  0.2154    15.6200      20180801124118.00
  12   2018/02/10   21:00:07.000   17.0800   -101.1700    16.00    3.70  0.9499    75.6800      20180210210007.00
  13   2018/02/10   22:10:46.980   17.3200   -101.3000    10.00    2.00  0.3008    22.1400      20180603220129.00
  14   2018/02/10   22:47:46.060   16.8100   -100.0600     8.00    2.06  0.6295    45.3800      20180210153319.00
   1   2018/02/11   00:22:27.380   17.7200   -100.2200   111.40    2.73  0.2472    16.1500      20180730221016.00
   2   2018/02/11   02:21:50.680   17.3400   -101.5100    14.00    2.23  0.2665    16.5100      20180823073727.00
   3   2018/02/11   02:41:08.840   16.9100   -100.2700    15.00    1.72  0.4796    29.7000      20180109111623.00
   4   2018/02/11   03:13:20.000   17.2600   -100.5300    49.00    3.90  0.9665    68.5000      20180211031320.00
   5   2018/02/11   03:15:09.540   17.2600   -100.5300    49.00    2.13  0.5926    41.9900      20180211031320.00
   6   2018/02/11   03:20:53.900   17.0700   -100.4000    33.00    1.79  0.2436    16.4900      20180205104645.00
   7   2018/02/11   03:48:09.340   17.6000   -101.1300    50.00    3.25  0.2277    15.3700      20180502001514.00
   8   2018/02/11   05:14:51.120   17.4700   -101.5900    11.00    2.57  0.2912    19.1400      20180327103746.00
   9   2018/02/11   05:38:08.040   17.2300   -101.0500     1.00    1.63  0.2481    16.1600      20171203112622.00
  10   2018/02/11   06:09:30.260   16.9500   -100.5200     6.00    3.71  0.7200    44.4000      20180215113517.00
  11   2018/02/11   09:42:32.820   16.9000   -100.1700    28.00    2.67  0.3710    24.5500      20180323181952.00
  12   2018/02/11   09:58:28.300   17.3600   -101.3400    19.00    3.04  0.2045    15.5400      20181110083208.00
  13   2018/02/11   10:09:39.140   17.5000   -101.6400    18.00    2.39  0.3099    20.3800      20180326052349.00
  14   2018/02/11   11:07:56.880   17.2100   -101.4500     1.00    2.09  0.2895    16.2100      20181009120826.00
  15   2018/02/11   11:44:14.400   17.3500   -101.2800    42.00    2.29  0.2373    15.9200      20180420070249.00
  16   2018/02/11   12:48:00.000   17.0800   -100.2600    42.00    3.50  0.9202    58.8500      20180211124800.00
  17   2018/02/11   13:03:20.380   16.3000   -100.8800    16.00    1.79  0.2939    22.2300      20171207181936.00
  18   2018/02/11   16:15:21.660   17.1600   -100.9300    18.60    1.65  0.4115    29.0200      20171208123723.00
  19   2018/02/11   16:49:10.060   17.2800   -101.5700     8.00    2.41  0.2464    15.2600      20180823073727.00
  20   2018/02/11   17:49:04.600   16.8900   -100.4100     5.00    2.14  0.4365    25.7800      20181014175816.00
  21   2018/02/11   17:55:50.560   17.2900   -101.1400    10.00    2.02  0.2291    16.2500      20180602104053.00
  22   2018/02/11   18:01:14.120   16.3000   -100.8800    16.00    1.92  0.1985    15.0200      20171207181936.00
  23   2018/02/11   20:23:43.660   17.2700   -101.4200    10.20    2.06  0.2847    15.0500      20180817025302.00
  24   2018/02/11   22:49:10.520   17.3300   -101.4400    38.70    3.00  0.3088    19.5400      20180823020816.00
  25   2018/02/11   23:25:50.000   17.1600   -101.0000    16.00    3.90  0.9617    68.4100      20180211232550.00
  26   2018/02/11   23:40:02.500   16.3000   -100.8800    16.00    1.07  0.2550    19.2900      20171207181936.00
   1   2018/02/12   01:32:14.180   17.3600   -101.4800    23.30    3.02  0.3802    24.8700      20180729025851.00
   2   2018/02/12   04:30:17.720   17.2900   -101.1400    10.00    2.37  0.2401    16.3600      20180602104053.00
   3   2018/02/12   04:55:02.660   16.9100   -100.7900     5.00    1.72  0.2346    16.6200      20180608043253.00
   4   2018/02/12   05:40:06.960   17.7400   -101.4100    49.60    1.76  0.4204    29.2700      20171220063549.00
   5   2018/02/12   11:30:07.980   16.8800   -100.2400     8.00    2.67  0.4843    29.9600      20180407160152.00
   6   2018/02/12   12:11:44.380   16.8200   -100.5200     8.20    3.98  0.2369    15.1700      20171207111454.00
   7   2018/02/12   17:17:48.820   16.8800   -100.7300     7.00    1.44  0.2289    16.2100      20180608043253.00
   8   2018/02/12   18:12:55.520   16.8500   -100.1700     5.00    2.78  0.2646    15.9400      20180130061028.00
   9   2018/02/12   18:13:46.200   16.8200   -100.0000     7.40    3.24  0.3119    21.5900      20180804003704.00
  10   2018/02/12   19:43:10.440   16.8500   -100.1700     5.00    3.18  0.7605    45.8100      20180130061028.00
  11   2018/02/12   20:29:40.880   17.1400   -100.3900    39.00    2.14  0.2900    19.4000      20180612093635.00
  12   2018/02/12   23:28:41.000   17.2800   -101.5600    16.00    3.60  0.9052    57.7600      20180212232841.00
  13   2018/02/12   23:46:29.320   17.3600   -101.5200     1.00    1.25  0.2912    15.4900      20171214115235.00
   1   2018/02/13   00:56:07.300   16.8300   -101.5500    14.10    1.83  0.2444    17.1900      20171123164021.00
   2   2018/02/13   01:01:52.040   17.3800   -101.6400     7.00    2.50  0.3770    23.1300      20180526132043.00
   3   2018/02/13   01:12:55.440   17.7200   -100.2200   111.40    3.59  0.2680    18.1400      20180730221016.00
   4   2018/02/13   01:23:20.900   17.2500   -101.5100     6.00    2.57  0.2491    15.8800      20180823073727.00
   5   2018/02/13   01:56:23.700   17.2700   -101.2200    29.70    2.23  0.2271    15.1700      20180720025924.00
   6   2018/02/13   02:22:51.620   17.3400   -101.1300    42.00    2.53  0.2236    15.8600      20180630080604.00
   7   2018/02/13   03:04:36.640   17.3000   -101.5800     7.00    2.42  0.2611    15.6300      20171214115235.00
   8   2018/02/13   03:43:31.820   17.2700   -101.3300    10.20    2.00  0.2728    15.0800      20180817025302.00
   9   2018/02/13   04:48:59.420   16.3000   -100.8800    16.00    1.91  0.2873    21.6600      20171207181936.00
  10   2018/02/13   05:07:23.240   16.9400   -100.6700     1.00    1.59  0.2203    16.1900      20180608043253.00
  11   2018/02/13   06:50:27.620   17.2600   -100.5300    49.00    2.26  0.6576    49.1900      20180211031320.00
  12   2018/02/13   07:15:05.160   16.8500   -100.1700     5.00    2.64  0.4427    26.6800      20180130061028.00
  13   2018/02/13   07:16:39.420   17.4300   -101.4300    36.00    3.01  0.2306    16.8200      20180416054658.00
  14   2018/02/13   07:38:38.520   17.4100   -101.4800    13.70    2.92  0.6520    41.0700      20180814135313.00
  15   2018/02/13   07:44:05.760   17.0000   -100.7000     9.00    1.48  0.2250    16.5300      20180608043253.00
  16   2018/02/13   08:15:43.000   17.3100   -101.2100    16.00    3.50  1.0000    68.3900      20180213081543.00
  17   2018/02/13   10:03:40.000   17.7500   -101.3500    58.00    3.70  0.9628    69.2800      20180213100340.00
  18   2018/02/13   11:41:50.360   17.1800   -101.3600     6.20    2.08  0.2796    15.4600      20180817025302.00
  19   2018/02/13   13:10:12.260   16.9100   -101.5500     9.00    2.67  0.2369    15.9300      20180514004932.00
  20   2018/02/13   14:39:34.780   17.3000   -101.1700    11.60    2.21  0.2147    15.2000      20180729232343.00
  21   2018/02/13   17:02:14.120   16.8500   -101.6600    18.00    2.08  0.2428    18.2400      20180303090607.00
  22   2018/02/13   21:02:52.220   17.2300   -101.0800     1.00    1.97  0.2241    15.4800      20171203112622.00
  23   2018/02/13   21:14:07.160   16.8800   -100.7900     1.00    1.71  0.2068    15.1900      20180608043253.00
  24   2018/02/13   23:16:58.000   16.9100   -100.7600     9.00    1.75  0.2107    15.4800      20180608043253.00
  25   2018/02/13   23:48:37.080   17.7200   -100.2200   111.40    2.14  0.2508    16.9800      20180730221016.00
   1   2018/02/14   01:25:11.820   16.7900   -100.9200    14.10    3.18  0.2325    16.7000      20171229052208.00
   2   2018/02/14   01:56:19.960   16.9400   -100.7000     9.00    2.07  0.2220    16.6800      20180608043253.00
   3   2018/02/14   02:43:15.200   17.2500   -101.6300    12.00    2.56  0.2365    15.3300      20180823073727.00
   4   2018/02/14   02:46:32.000   16.9400   -100.7000     5.00    1.48  0.2051    15.4100      20180608043253.00
   5   2018/02/14   02:54:11.000   17.7000   -100.8800    55.00    3.60  0.9635    66.6800      20180214025411.00
   6   2018/02/14   03:17:47.320   16.3000   -100.8800    16.00    1.90  0.2334    17.4300      20171207181936.00
   7   2018/02/14   04:07:54.880   17.2900   -101.5000    20.10    2.78  0.2758    17.5100      20171208123548.00
   8   2018/02/14   05:18:05.780   16.3000   -100.8800    16.00    2.39  0.6022    44.9500      20171207181936.00
   9   2018/02/14   05:25:49.920   17.0000   -100.7900     2.00    1.51  0.2022    15.2300      20180608035650.00
  10   2018/02/14   06:14:25.940   17.1700   -100.9300    28.00    1.94  0.2445    17.3500      20180805063226.00
  11   2018/02/14   07:31:12.560   17.2700   -101.1000    40.20    2.06  0.2386    16.4300      20171214054549.00
  12   2018/02/14   10:26:08.000   17.4200   -100.9600    10.00    3.50  1.0000    67.7500      20180214102608.00
  13   2018/02/14   10:28:28.660   16.3000   -100.8800    16.00    1.92  0.3814    28.4700      20171207181936.00
  14   2018/02/14   12:54:11.440   16.8700   -100.4300    26.00    2.45  0.3237    21.0300      20180726005704.00
  15   2018/02/14   15:12:45.560   17.1600   -100.3700    36.20    2.44  0.2255    15.0800      20171130230303.00
  16   2018/02/14   15:53:45.740   17.2900   -101.4700    20.10    2.50  0.2501    15.8700      20171208123548.00
  17   2018/02/14   15:56:46.140   16.9700   -100.4700    12.50    3.02  0.6398    44.8200      20180727220345.00
  18   2018/02/14   17:23:18.000   17.5300   -100.0300    58.00    3.70  0.9304    64.9300      20180214172318.00
  19   2018/02/14   17:42:25.800   16.8800   -100.3400     4.00    2.28  0.2971    20.0500      20180430070934.00
  20   2018/02/14   19:12:46.120   17.2400   -101.1700    46.30    1.98  0.4444    31.3400      20171126040530.00
  21   2018/02/14   19:52:31.900   17.2400   -101.1700    46.30    1.65  0.2458    17.3400      20171126040530.00
  22   2018/02/14   21:08:14.980   16.9100   -101.4900    17.00    2.94  0.2426    17.6700      20171123131548.00
  23   2018/02/14   21:10:52.340   16.7000   -101.5300    14.10    3.51  0.2129    15.2500      20171211071804.00
  24   2018/02/14   21:12:55.000   17.0000   -100.0000     5.00    3.70  0.8886    60.1000      20180214211255.00
  25   2018/02/14   21:20:26.280   17.0000   -100.0000     5.00    2.44  0.2877    19.4600      20180214211255.00
  26   2018/02/14   21:40:18.180   17.2700   -101.0100    38.20    1.99  0.3164    21.7900      20171214054549.00
  27   2018/02/14   22:06:02.480   17.0100   -100.4900     6.10    2.13  0.2594    17.7700      20171220111347.00
   1   2018/02/15   01:59:20.000   16.8800   -100.3400    15.00    3.40  0.8679    58.3400      20180215015920.00
   2   2018/02/15   03:41:30.240   17.1700   -100.9900    35.00    2.37  0.2377    18.4900      20181114195548.00
   3   2018/02/15   03:51:40.420   17.2400   -101.1700    46.30    2.05  0.3139    23.8200      20171126040530.00
   4   2018/02/15   06:18:03.480   16.3000   -100.8800    16.00    1.99  0.2536    20.0500      20171207181936.00
   5   2018/02/15   08:05:35.880   16.3000   -100.8800    16.00    1.82  0.2399    18.9600      20171207181936.00
   6   2018/02/15   08:27:30.000   16.8700   -100.1600     5.00    3.70  0.9169    58.3600      20180215082730.00
   7   2018/02/15   08:32:44.860   16.8700   -100.1600     5.00    2.64  0.2677    17.0400      20180215082730.00
   8   2018/02/15   10:11:44.440   17.3200   -101.3200     9.00    2.42  0.1830    15.7500      20181114094750.00
   9   2018/02/15   10:13:57.940   17.2900   -100.9900     1.00    3.31  0.2142    16.2200      20171203112622.00
  10   2018/02/15   10:28:05.260   17.2900   -101.0800     7.00    3.95  0.2035    15.4100      20171203112622.00
  11   2018/02/15   11:00:07.060   17.4500   -101.0600    13.10    2.42  0.1964    16.2200      20171207045648.00
  12   2018/02/15   11:00:14.660   17.2400   -101.1700    46.30    3.14  0.4223    32.0400      20171126040530.00
  13   2018/02/15   11:35:17.000   16.9500   -100.5200     6.00    3.50  0.7924    51.3600      20180215113517.00
  14   2018/02/15   11:41:00.000   16.9300   -100.4200    11.00    3.40  0.9115    61.8900      20180215114100.00
  15   2018/02/15   13:28:33.000   17.2700   -100.7800    28.00    3.20  0.8098    51.4500      20180215132833.00
  16   2018/02/15   13:47:52.160   16.8100   -100.2200     6.00    3.48  0.3210    20.1400      20180925203509.00
  17   2018/02/15   14:28:19.500   17.1700   -100.0200    10.00    2.81  0.2440    17.3500      20180108214252.00
  18   2018/02/15   15:42:10.860   16.2400   -100.9100    14.00    1.84  0.1949    15.4100      20171207181936.00
  19   2018/02/15   16:21:47.240   16.9300   -100.4200    11.00    2.73  0.2693    18.2800      20180215114100.00
  20   2018/02/15   16:53:10.480   16.9300   -100.4200    11.00    2.77  0.3859    26.2000      20180215114100.00
  21   2018/02/15   17:25:19.060   16.9300   -100.4200    11.00    2.78  0.5898    40.0500      20180215114100.00
  22   2018/02/15   17:25:41.480   16.9300   -100.4200    11.00    2.61  0.2691    18.2700      20180215114100.00
  23   2018/02/15   17:26:20.540   16.9300   -100.4200    11.00    2.68  0.2627    17.8400      20180215114100.00
  24   2018/02/15   17:50:39.300   16.3000   -100.8800    16.00    1.71  0.2106    16.6400      20171207181936.00
  25   2018/02/15   19:14:54.200   17.3100   -100.5500    54.50    2.77  0.2216    16.2100      20180919124615.00
  26   2018/02/15   21:07:25.120   17.3200   -101.6100     3.00    2.87  0.2439    16.1800      20180514215426.00
   1   2018/02/16   00:04:21.020   17.1200   -100.9800    12.20   -0.37  0.2093    15.7700      20180716135840.00
   2   2018/02/16   00:34:17.020   17.1500   -101.3600    12.00    1.29  0.3560    23.3400      20180203010911.00
   3   2018/02/16   01:05:49.300   16.8300   -101.6100    16.10    3.19  0.2288    17.0600      20171123164021.00
   4   2018/02/16   01:14:07.000   16.8100   -100.2600     8.00    3.80  0.9724    68.9100      20180216011407.00
   5   2018/02/16   01:26:08.300   16.8100   -100.2600     8.00    2.21  0.2818    19.9700      20180216011407.00
   6   2018/02/16   01:52:25.700   17.2400   -101.0700    34.20    1.93  0.2465    17.6400      20171214054549.00
   7   2018/02/16   02:58:36.920   17.3000   -100.8400    26.00    3.57  0.2155    15.0900      20180215132833.00
   8   2018/02/16   02:58:46.000   17.0600   -100.6500     6.00    3.70  0.8353    61.9900      20180216025846.00
   9   2018/02/16   04:55:22.780   17.0600   -100.0500     3.00    2.89  0.2241    15.1400      20180803030006.00
  10   2018/02/16   05:37:36.880   16.2700   -100.8600    19.40    2.73  0.4143    29.7400      20171128230549.00
  11   2018/02/16   07:47:00.140   16.9600   -100.6000     5.00    2.59  0.2148    15.4000      20180620032054.00
  12   2018/02/16   09:02:21.100   17.4200   -100.9600    10.00    1.74  0.7227    51.6600      20180214102608.00
  13   2018/02/16   11:28:34.260   16.9100   -101.7100    18.00    2.08  0.2196    15.2500      20180625172543.00
  14   2018/02/16   12:20:35.920   17.1500   -101.3600    12.00    1.13  0.3416    22.3900      20180203010911.00
  15   2018/02/16   13:44:39.420   17.3700   -101.2600    12.00    2.55  0.2097    15.1700      20180709101622.00
  16   2018/02/16   14:14:38.240   17.4700   -101.6100    18.00    3.08  0.6274    43.0200      20180326052349.00
  17   2018/02/16   14:16:10.000   17.2600   -100.1200    15.00    3.10  0.9697    65.0300      20180216141610.00
  18   2018/02/16   14:35:16.660   17.4600   -101.6000    11.00    2.18  0.2371    15.8200      20180329160943.00
  19   2018/02/16   15:47:27.520   17.0000   -100.1700    49.00    2.53  0.2327    16.3600      20180118132223.00
  20   2018/02/16   15:47:43.920   16.8700   -100.4900     3.00    2.38  0.2710    15.7000      20180419205910.00
  21   2018/02/16   15:54:15.480   17.2700   -101.1000    36.20    1.56  0.2348    16.8000      20171214054549.00
  22   2018/02/16   16:03:14.360   16.9100   -100.7900     9.00    1.34  0.2033    15.3000      20180608043253.00
  23   2018/02/16   16:13:17.500   17.0000   -100.2000    43.00    1.90  0.2166    15.2300      20180118132223.00
  24   2018/02/16   16:13:30.580   16.9000   -100.4900     9.00    1.66  0.2807    16.2600      20180419205910.00
  25   2018/02/16   16:28:19.300   17.0600   -100.1100    47.00    3.44  0.2202    15.4800      20180118132223.00
  26   2018/02/16   16:28:38.400   16.7800   -100.4600     3.00    3.13  0.2594    15.0300      20180419205910.00
  27   2018/02/16   17:31:41.980   16.9400   -100.7900     1.00    1.51  0.2124    15.9800      20180608043253.00
  28   2018/02/16   17:43:15.360   17.4400   -101.5100    10.80    1.92  0.2443    17.1000      20180929112959.00
  29   2018/02/16   17:54:24.260   17.4900   -101.5700    44.50    3.15  0.2296    15.6800      20171209025821.00
  30   2018/02/16   18:40:27.000   16.8400   -100.2700     6.00    3.00  0.8172    51.0500      20180216184027.00
  31   2018/02/16   19:30:39.420   16.9700   -100.7900     9.00    1.38  0.2247    16.9100      20180608043253.00
  32   2018/02/16   20:00:38.940   16.8600   -101.5500    14.00    2.89  0.2259    15.4200      20180515232818.00
  33   2018/02/16   21:00:14.780   16.8400   -100.4900     7.00    2.81  0.2751    15.9400      20180419205910.00
  34   2018/02/16   22:49:02.100   17.0700   -100.6300     5.80    1.98  0.5162    38.9600      20180826173344.00
  35   2018/02/16   22:56:01.600   17.0100   -100.0900    -1.00    2.79  0.3516    22.7700      20180504215727.00
   1   2018/02/17   00:27:08.780   16.9700   -101.5800    17.00    1.87  0.2061    15.0600      20171123131548.00
   2   2018/02/17   02:41:22.300   17.2800   -101.3800    12.00    3.34  0.2050    15.4400      20180709101622.00
   3   2018/02/17   04:27:56.780   16.9000   -100.4500    11.00    3.31  0.3306    23.5700      20180215114100.00
   4   2018/02/17   04:55:52.640   17.1800   -101.3600     5.00    2.00  0.3062    16.9200      20181009121741.00
   5   2018/02/17   05:41:03.640   16.9100   -100.7000     7.00    1.51  0.2322    17.3100      20180608043253.00
   6   2018/02/17   06:57:26.080   17.3200   -101.0300    13.20    2.06  0.2106    15.0500      20171230072625.00
   7   2018/02/17   07:56:11.680   16.2400   -100.8900    19.40    1.84  0.2283    16.8100      20171128230549.00
   8   2018/02/17   08:00:24.360   17.2900   -101.2900    16.00    2.05  0.5074    34.6600      20180318123711.00
   9   2018/02/17   08:19:16.820   17.1000   -100.3900    44.80    2.16  0.2267    16.1700      20180715054502.00
  10   2018/02/17   08:24:55.440   17.5200   -101.3200    37.10    2.07  0.3322    23.3400      20171216071750.00
  11   2018/02/17   08:47:19.580   16.3000   -100.8800    16.00    1.92  0.3713    29.4500      20171207181936.00
  12   2018/02/17   09:18:33.440   17.3200   -100.8200    51.70    2.38  0.3009    23.0900      20180729115951.00
  13   2018/02/17   10:00:31.280   16.8200   -101.5300    52.60    3.06  0.2258    16.1400      20171229132449.00
  14   2018/02/17   11:27:19.140   17.4500   -100.9900    10.00    1.75  0.2127    15.3000      20180214102608.00
  15   2018/02/17   11:39:38.640   16.8800   -100.7900     5.00    1.43  0.2103    15.6800      20180608043253.00
  16   2018/02/17   12:23:07.480   17.2500   -101.5100    12.00    2.61  0.2357    15.2300      20180823073727.00
  17   2018/02/17   13:34:04.600   16.9500   -100.5500     0.00    2.49  0.2123    15.3400      20181111002016.00
  18   2018/02/17   14:53:21.460   17.3500   -101.4000    13.00    2.15  0.2465    16.3100      20180915194418.00
  19   2018/02/17   17:16:14.920   17.1800   -101.3900     4.20    1.63  0.3067    16.4000      20180817025302.00
  20   2018/02/17   17:51:39.480   16.9100   -100.7900     7.00    1.34  0.2401    17.9100      20180608043253.00
  21   2018/02/17   17:56:19.880   17.4400   -101.0600    17.20    2.62  0.2201    15.1100      20180801124118.00
  22   2018/02/17   17:56:28.780   17.3300   -101.1600    33.70    2.42  0.2617    18.2500      20180720025924.00
  23   2018/02/17   18:21:31.540   17.2100   -101.1400    42.30    1.70  0.2494    18.1100      20171126040530.00
  24   2018/02/17   19:00:47.680   17.2400   -101.1700    42.30    2.21  0.3578    25.9900      20171126040530.00
  25   2018/02/17   20:23:20.720   16.9800   -100.4100     7.90    2.84  0.2526    19.0500      20181026213518.00
  26   2018/02/17   20:35:21.000   17.1300   -100.0700    55.00    3.70  0.8996    63.3700      20180217203521.00
   1   2018/02/18   04:56:20.180   16.3000   -100.8800    16.00    1.73  0.4127    31.9900      20171207181936.00
   2   2018/02/18   07:24:51.660   16.9600   -100.3600     7.00    2.49  0.5931    38.0000      20180322045637.00
   3   2018/02/18   09:11:37.060   17.2100   -100.4200    21.00    1.83  0.4764    34.6800      20180126170817.00
   4   2018/02/18   09:19:56.040   16.8200   -101.6500    10.00    3.49  0.2567    18.8900      20180514002417.00
   5   2018/02/18   10:06:55.160   17.4000   -101.4400    27.00    2.36  0.5903    39.0300      20180110083033.00
   6   2018/02/18   10:19:41.460   17.0600   -100.6400     3.00    1.95  0.2013    16.0800      20180329211048.00
   7   2018/02/18   10:39:43.720   17.3100   -101.2100    16.00    2.30  0.3325    22.9900      20180213081543.00
   8   2018/02/18   12:32:29.200   17.2000   -101.2800    16.00    2.57  0.2617    17.7100      20180622204614.00
   9   2018/02/18   14:16:50.260   16.8200   -101.6500    10.00    3.30  0.2413    17.7600      20180514002417.00
  10   2018/02/18   15:24:37.020   17.0900   -100.2300    46.00    2.72  0.2878    20.1500      20180203001452.00
  11   2018/02/18   15:49:15.760   16.1700   -100.6900    14.00    4.26  0.2400    18.0300      20180224235416.00
  12   2018/02/18   17:56:31.700   17.1800   -101.3000     6.20    1.62  0.2969    15.4300      20180817025302.00
  13   2018/02/18   18:08:19.700   16.9100   -101.5800    13.00    3.04  0.2495    18.2900      20171123131548.00
  14   2018/02/18   18:59:10.820   16.8600   -101.5500    14.00    2.82  0.2141    15.0800      20180515232818.00
  15   2018/02/18   19:10:34.280   17.2200   -101.1200    18.00    1.49  0.2336    17.4400      20181113191614.00
  16   2018/02/18   20:14:40.680   17.4700   -101.5900    11.00    2.35  0.2687    18.0800      20180327103746.00
  17   2018/02/18   20:54:53.000   17.5500   -101.2500    54.00    4.20  0.9670    77.7400      20180218205453.00
   1   2018/02/19   00:12:40.660   16.8500   -100.2500     9.00    2.12  0.2628    18.6500      20181028220509.00
   2   2018/02/19   01:40:33.820   16.2700   -100.7700     6.00    3.12  0.1833    15.1300      20171130213459.00
   3   2018/02/19   01:40:46.480   16.9700   -100.6700     5.00    2.65  0.2106    17.4400      20180608043253.00
   4   2018/02/19   01:59:51.900   17.2600   -101.0500     5.00    1.91  0.1990    15.2300      20171203112622.00
   5   2018/02/19   02:41:57.820   17.2100   -101.2000     7.60    2.16  0.2305    17.1400      20180729232343.00
   6   2018/02/19   02:50:55.540   16.9100   -100.6700     2.00    1.56  0.1814    15.1000      20180608035650.00
   7   2018/02/19   04:00:29.220   17.3000   -101.2000    11.60    2.39  0.2344    17.4300      20180729232343.00
   8   2018/02/19   04:33:15.940   17.6400   -101.4800    52.00    3.14  0.2070    16.5700      20180314091748.00
   9   2018/02/19   04:33:28.660   17.3000   -101.4800     5.00    2.46  0.2839    16.0400      20181009121741.00
  10   2018/02/19   05:41:58.900   17.3800   -101.3800    30.90    1.89  0.2596    19.7200      20171227045039.00
  11   2018/02/19   05:49:42.000   16.8500   -100.1300     5.00    3.90  1.0000    74.0600      20180219054942.00
  12   2018/02/19   08:56:34.500   17.3100   -101.5700     6.00    2.60  0.2580    16.8200      20180823073727.00
  13   2018/02/19   11:27:26.860   17.1100   -100.4100    40.00    2.53  0.4311    31.5300      20180608030226.00
  14   2018/02/19   11:41:45.620   16.8000   -100.2900    26.00    2.46  0.3867    24.4800      20180526173109.00
  15   2018/02/19   11:44:42.100   16.9300   -100.8000     8.50    2.44  0.1766    15.2400      20181028225256.00
  16   2018/02/19   11:51:34.940   17.5400   -101.1700    47.00    4.09  0.2056    15.4800      20180102234441.00
  17   2018/02/19   11:51:45.400   17.0800   -101.3200    20.10    2.90  0.2098    15.0900      20171217105708.00
  18   2018/02/19   13:52:05.000   16.9100   -100.6700     1.00    1.62  0.1890    15.6600      20180608043253.00
  19   2018/02/19   14:56:56.780   17.0000   -100.6700     3.00    1.76  0.2014    16.6800      20180608043253.00
  20   2018/02/19   15:46:11.340   17.0000   -100.6900     3.00    3.49  0.3122    25.7100      20180130030025.00
  21   2018/02/19   16:34:42.060   16.9100   -101.5200    11.00    2.48  0.2203    16.7300      20171123131548.00
  22   2018/02/19   18:06:12.600   17.2800   -100.6400    14.00    2.98  0.2032    16.9100      20180129160148.00
  23   2018/02/19   20:25:53.840   16.8800   -100.7900     7.00    1.38  0.1901    15.7400      20180608043253.00
  24   2018/02/19   20:39:21.660   17.2800   -101.0900    20.00    2.01  0.2168    17.2500      20181113191614.00
  25   2018/02/19   21:35:17.440   17.2400   -101.1700    46.30    1.88  0.3364    26.2100      20171126040530.00
  26   2018/02/19   21:38:35.340   16.9400   -100.7900     3.00    1.60  0.2197    18.1900      20180608043253.00
  27   2018/02/19   23:49:10.560   17.6100   -101.1500     3.00    1.56  0.2027    15.9700      20171201025049.00
  28   2018/02/19   23:49:17.260   17.3100   -101.2400    23.00    1.55  0.2222    16.3600      20181109181128.00
  29   2018/02/19   23:49:59.300   17.5500   -101.6900    28.00    1.86  0.2264    15.6900      20180312150214.00
  30   2018/02/19   23:50:10.720   17.2600   -101.6400     5.00    1.74  0.2457    15.7700      20180526132043.00
   1   2018/02/20   00:05:42.240   17.7200   -100.2200   109.40    1.83  0.2558    16.5200      20180730221016.00
   2   2018/02/20   00:22:40.900   16.5600   -100.3600     2.00    0.83  0.4450    33.1200      20181105124821.00
   3   2018/02/20   02:02:21.040   17.2900   -101.1100    12.00    2.09  0.2476    19.1500      20180602104053.00
   4   2018/02/20   02:20:49.280   17.1000   -100.3900    44.80    2.38  0.2796    21.6000      20180715054502.00
   5   2018/02/20   03:50:24.820   16.9900   -100.6800     5.00    2.08  0.3093    24.4800      20171121174053.00
   6   2018/02/20   06:46:04.560   17.3900   -101.3700    11.90    2.10  0.2425    16.7800      20180915145533.00
   7   2018/02/20   07:52:38.860   17.2600   -101.0200     7.00    1.99  0.2743    21.4100      20171203112622.00
   8   2018/02/20   09:30:22.160   17.2100   -101.3300     7.00    2.15  0.3060    16.5800      20181009120826.00
   9   2018/02/20   09:37:07.900   17.2900   -101.2900    16.00    2.48  0.2900    19.9400      20180318123711.00
  10   2018/02/20   11:42:22.780   16.8800   -100.2400     8.00    3.02  0.7921    53.1500      20180407160152.00
  11   2018/02/20   12:01:04.920   17.2800   -101.1200    16.00    2.74  0.4108    31.9000      20181113191614.00
  12   2018/02/20   14:48:41.000   17.3600   -101.5200     5.00    2.63  0.2710    16.0300      20171214115235.00
  13   2018/02/20   15:16:12.740   16.9100   -100.7300     5.00    1.50  0.2004    15.8400      20180608043253.00
  14   2018/02/20   16:07:56.140   16.9400   -100.7000     6.00    1.39  0.1892    15.1200      20180608035650.00
  15   2018/02/20   16:38:15.420   17.2200   -101.1200    18.00    1.78  0.2891    22.4500      20181113191614.00
  16   2018/02/20   17:06:07.100   17.4400   -101.0900    15.20    2.93  0.2479    17.5100      20180801124118.00
  17   2018/02/20   18:10:28.220   17.6000   -101.5900    38.00    3.48  0.4781    36.2500      20180613052333.00
  18   2018/02/20   18:41:50.640   17.2100   -101.2000    46.30    2.04  0.2446    18.6400      20171126040530.00
  19   2018/02/20   19:38:53.160   16.7800   -100.4600     3.00    1.78  0.2708    16.3600      20180419205910.00
  20   2018/02/20   20:34:17.600   16.8500   -100.1700     5.00    2.84  0.3118    21.7000      20180130061028.00
  21   2018/02/20   22:54:46.200   16.9300   -100.4200    15.00    2.63  0.2238    17.6100      20180215114100.00
   1   2018/02/21   03:11:40.140   17.2800   -101.3900    16.00    3.03  0.2730    18.8500      20180129235004.00
   2   2018/02/21   03:21:19.860   16.3000   -100.7700    10.00    2.88  0.2520    18.2700      20171130213459.00
   3   2018/02/21   04:37:53.140   16.9400   -100.7600     4.00    1.36  0.2529    17.5400      20180608035650.00
   4   2018/02/21   08:26:38.140   17.0000   -100.7000     7.00    1.69  0.2272    15.6500      20180608043253.00
   5   2018/02/21   08:45:16.680   17.2200   -101.1200    16.00    1.93  0.2082    15.3000      20181113191614.00
   6   2018/02/21   12:28:35.900   16.7900   -101.3000    16.00    3.33  0.5307    38.7200      20180611100227.00
   7   2018/02/21   15:43:06.000   17.4500   -101.3300    10.00    4.00  1.0000    73.4400      20180221154306.00
   8   2018/02/21   18:36:39.300   17.1800   -101.1700    44.30    1.67  0.3016    22.3900      20171126040530.00
   9   2018/02/21   18:56:56.380   17.6300   -101.3600     8.00    3.61  0.2027    15.6800      20171201002859.00
  10   2018/02/21   19:50:51.280   17.3900   -101.4400    36.70    2.44  0.3164    19.7200      20180823020816.00
  11   2018/02/21   21:19:31.640   16.3000   -100.8800    16.00    1.43  0.2351    17.5800      20171207181936.00
  12   2018/02/21   21:55:48.060   17.1600   -100.3700    36.20    1.93  0.2399    16.3600      20171130230303.00
  13   2018/02/21   23:53:31.540   17.7200   -100.2200   111.40    1.60  0.3205    25.0500      20180730221016.00
   1   2018/02/22   00:04:29.780   16.8700   -100.0400     2.00    0.31  0.4584    30.2500      20180607160540.00
   2   2018/02/22   02:16:03.460   17.2600   -101.5100    33.00    2.04  0.4585    29.4400      20180416032255.00
   3   2018/02/22   02:53:16.460   16.7100   -100.2600    26.00    2.76  0.2589    15.6200      20180526173109.00
   4   2018/02/22   03:21:45.900   17.3400   -101.1600    44.00    2.87  0.3056    19.8000      20180630080604.00
   5   2018/02/22   04:18:15.620   16.9300   -100.4100     7.00    2.10  0.2380    15.4300      20180110131919.00
   6   2018/02/22   07:06:05.880   17.2400   -101.0400    36.20    2.04  0.4141    28.8100      20171214054549.00
   7   2018/02/22   08:00:23.000   17.4800   -101.6800    10.00    4.10  1.0000    69.9400      20180222080023.00
   8   2018/02/22   08:00:31.000   17.3400   -101.4700     3.00    4.24  0.2535    16.3600      20180204012610.00
   9   2018/02/22   08:03:15.440   17.2700   -101.4900     3.00    2.88  0.3379    19.3500      20171214115235.00
  10   2018/02/22   08:14:04.420   16.9700   -100.4700    12.50    2.46  0.5771    38.5200      20180727220345.00
  11   2018/02/22   09:03:57.800   17.2700   -101.4900     3.00    2.58  0.3358    19.2400      20171214115235.00
  12   2018/02/22   09:14:47.880   17.3900   -101.6100     3.00    2.51  0.3225    18.4700      20171214115235.00
  13   2018/02/22   09:17:26.940   17.0700   -100.4100    21.00    2.16  0.2400    17.1100      20180509094411.00
  14   2018/02/22   09:44:21.080   17.4100   -101.7300     4.20    2.61  0.3311    20.8000      20181016191016.00
  15   2018/02/22   09:48:54.600   17.2100   -101.1700    46.30    1.76  0.2589    18.4100      20171126040530.00
  16   2018/02/22   12:18:33.800   17.1600   -100.9300    18.60    1.28  0.2447    17.6300      20171208123723.00
  17   2018/02/22   12:44:00.600   17.4400   -101.5300    27.30    2.41  0.2308    16.1700      20171129055646.00
  18   2018/02/22   13:43:47.780   17.0100   -101.6000    16.00    2.28  0.5844    42.8900      20180111032958.00
  19   2018/02/22   15:23:25.000   17.0700   -100.1800    43.00    3.40  0.8996    54.2200      20180222152325.00
  20   2018/02/22   18:50:26.900   17.4400   -101.5100     8.80    2.39  0.3305    21.5400      20180929112959.00
  21   2018/02/22   21:31:32.600   17.1700   -100.3900    40.00    2.29  0.4231    28.2300      20180604032311.00
  22   2018/02/22   21:57:27.920   17.4600   -101.5100    40.50    2.23  0.3712    25.1800      20171209025821.00
  23   2018/02/22   22:31:00.820   17.3400   -101.5400     8.00    2.61  0.2518    15.1500      20180823073727.00
  24   2018/02/22   22:36:56.900   17.3000   -101.5100     3.40    2.45  0.6133    34.6300      20180727102152.00
  25   2018/02/22   22:49:20.000   17.3200   -101.2400     2.00    3.50  0.9302    54.7700      20180222224920.00
  26   2018/02/22   22:56:36.360   17.3200   -101.2400     2.00    1.56  0.3510    20.6700      20180222224920.00
  27   2018/02/22   23:42:13.720   16.7700   -101.6400    12.10    1.65  0.2170    15.4000      20171123164021.00
   1   2018/02/23   01:36:29.700   16.7700   -101.6400    12.10    2.90  0.2142    16.6900      20171123164021.00
   2   2018/02/23   02:17:09.360   17.4400   -101.1800    11.20    2.65  0.2499    15.2300      20180801124118.00
   3   2018/02/23   02:55:40.780   16.8200   -101.5300    52.60    3.13  0.2408    17.5300      20171229132449.00
   4   2018/02/23   04:14:13.240   17.3200   -101.2400     2.00    1.85  0.3935    23.7400      20180222224920.00
   5   2018/02/23   05:26:21.900   17.2300   -101.0500     9.00    2.34  0.2251    16.7000      20171203112622.00
   6   2018/02/23   07:50:16.000   17.3900   -101.4500    33.40    2.62  0.2895    19.4800      20171209150612.00
   7   2018/02/23   11:15:51.840   16.8800   -101.6500    50.60    2.87  0.2234    16.2600      20171229132449.00
   8   2018/02/23   11:33:03.440   17.2200   -101.8400    15.00    2.47  0.3040    20.5900      20180129092754.00
   9   2018/02/23   11:43:05.000   17.7500   -101.5300    50.00    4.10  1.0000    66.6300      20180223114305.00
  10   2018/02/23   11:47:18.600   17.7500   -101.5300    50.00    2.03  0.4586    30.5500      20180223114305.00
  11   2018/02/23   11:52:37.280   17.2200   -101.1200    18.00    1.71  0.2970    21.6000      20181113191614.00
  12   2018/02/23   11:57:56.320   17.3900   -101.3700    11.90    1.96  0.2403    15.5300      20180915145533.00
  13   2018/02/23   12:16:48.000   16.8700   -100.0600     5.00    3.90  1.0000    68.9200      20180223121648.00
  14   2018/02/23   12:26:04.240   16.8700   -100.0600     5.00    1.96  0.2732    18.8300      20180223121648.00
  15   2018/02/23   12:47:10.740   16.8500   -100.0200     7.00    3.18  0.4064    26.7600      20181020002556.00
  16   2018/02/23   13:13:02.260   17.3100   -101.4700     9.00    1.96  0.3534    21.5000      20180204012610.00
  17   2018/02/23   20:24:32.560   16.8500   -101.6600    20.00    2.58  0.2750    20.0500      20180303090607.00
  18   2018/02/23   21:37:49.940   17.1700   -100.3900    40.00    2.67  0.4141    27.7400      20180604032311.00
  19   2018/02/23   22:25:51.620   16.8500   -101.5600    16.10    2.01  0.2192    15.7200      20171229143047.00
  20   2018/02/23   22:50:24.360   17.2400   -101.0400    36.20    1.80  0.2494    18.3200      20171214054549.00
  21   2018/02/23   23:01:11.000   17.1200   -100.1000    49.00    3.50  0.9144    61.3400      20180223230111.00
  22   2018/02/23   23:07:01.940   17.2800   -101.4500    14.00    2.31  0.2294    15.1000      20171217192554.00
   1   2018/02/24   00:32:48.000   17.1300   -100.1000    49.00    3.50  0.9574    70.0000      20180224003248.00
   2   2018/02/24   00:32:54.260   17.0700   -100.4400    41.00    3.64  0.2085    15.1500      20180402034137.00
   3   2018/02/24   00:35:44.200   17.1300   -100.1000    49.00    2.16  0.4459    32.6000      20180224003248.00
   4   2018/02/24   00:41:27.380   17.1600   -101.0000    16.00    2.08  0.3550    27.2400      20180211232550.00
   5   2018/02/24   01:22:37.660   17.3200   -100.1400    13.00    2.55  0.2800    21.2900      20181108151322.00
   6   2018/02/24   05:39:45.280   16.9400   -100.7600     7.00    1.86  0.2379    18.2400      20180608043253.00
   7   2018/02/24   06:02:42.160   16.8000   -100.1100     6.50    2.94  0.2383    15.5300      20180926160104.00
   8   2018/02/24   07:30:28.320   17.1500   -100.9800     6.20    2.06  0.1932    15.6200      20180716135840.00
   9   2018/02/24   07:56:49.580   17.6400   -101.1800     5.00    2.44  0.3269    24.7000      20171201025049.00
  10   2018/02/24   11:19:26.760   17.3800   -101.6400     7.00    2.48  0.2595    15.7100      20180526132043.00
  11   2018/02/24   13:13:22.100   17.0800   -100.9600    27.00    1.69  0.1959    16.0200      20181114195548.00
  12   2018/02/24   14:25:41.180   17.3700   -100.8800    42.00    2.72  0.2001    15.5300      20171213061806.00
  13   2018/02/24   15:42:02.440   17.3000   -101.5800     7.00    2.53  0.2752    15.3700      20171214115235.00
  14   2018/02/24   16:50:25.480   17.2400   -101.0400    36.20    2.27  0.4052    29.9400      20171214054549.00
  15   2018/02/24   22:52:51.920   17.4500   -101.3300    10.00    2.01  0.6087    46.2400      20180221154306.00
  16   2018/02/24   23:54:16.000   16.1100   -100.6600    16.00    3.90  0.9312    69.3500      20180224235416.00
  17   2018/02/24   23:54:25.980   16.4900   -100.7700    19.00    2.17  0.2247    15.5900      20180622041336.00
   1   2018/02/25   01:20:02.080   17.2200   -101.5700    10.00    2.67  0.2451    16.7600      20180823073727.00
   2   2018/02/25   01:22:15.660   16.8100   -100.4600     1.00    2.04  0.2529    15.9700      20180419205910.00
   3   2018/02/25   01:36:47.640   17.2100   -101.0400    38.20    2.37  0.1882    15.5700      20171214054549.00
   4   2018/02/25   02:36:28.760   17.1500   -101.1000     4.20    1.66  0.1780    15.8000      20180716135840.00
   5   2018/02/25   02:38:56.940   16.9100   -100.7300     6.00    1.42  0.1886    16.0300      20180608035650.00
   6   2018/02/25   03:18:58.040   17.3100   -101.5700    14.00    2.47  0.2521    17.2400      20180823073727.00
   7   2018/02/25   04:05:43.900   17.2500   -101.5400     8.00    2.55  0.2639    18.0400      20180823073727.00
   8   2018/02/25   04:07:05.140   17.2800   -101.6300    10.00    2.54  0.2555    17.4700      20180823073727.00
   9   2018/02/25   04:22:55.280   16.8500   -101.5600    16.10    2.74  0.1942    15.3100      20171229143047.00
  10   2018/02/25   04:23:35.020   17.3200   -100.9500    10.10    2.89  0.1912    16.2300      20171222010425.00
  11   2018/02/25   05:05:24.820   17.1800   -101.1000    34.20    1.97  0.2562    21.1900      20171214054549.00
  12   2018/02/25   05:57:00.720   16.9200   -99.9600    21.40    3.50  0.2563    20.1700      20171214150645.00
  13   2018/02/25   06:33:36.720   17.6000   -101.2900    46.00    2.48  0.1962    15.3700      20180615063312.00
  14   2018/02/25   07:32:36.100   17.3600   -101.3700    25.00    2.71  0.2444    19.5200      20180708225122.00
  15   2018/02/25   08:15:48.780   17.6500   -101.0400     3.50    2.32  0.1946    16.6100      20171214050129.00
  16   2018/02/25   08:16:02.140   17.0300   -101.1100    20.10    2.89  0.2178    17.1300      20180915055856.00
  17   2018/02/25   09:07:33.000   17.2900   -101.3500    12.00    3.90  0.9673    69.4000      20180225090733.00
  18   2018/02/25   11:48:12.340   16.9400   -100.7600     9.00    1.45  0.2015    17.0900      20180608043253.00
  19   2018/02/25   13:31:56.700   16.9400   -100.6700     7.00    1.72  0.1803    15.2900      20180608043253.00
  20   2018/02/25   16:12:56.100   16.8500   -101.5600    16.10    2.57  0.2109    16.6300      20171229143047.00
  21   2018/02/25   16:37:34.660   16.7300   -101.5000    16.10    2.99  0.1925    15.3200      20171211071804.00
  22   2018/02/25   17:17:34.640   17.3300   -100.6000    49.00    2.36  0.2024    16.3000      20180228081140.00
  23   2018/02/25   17:27:01.900   17.2600   -101.1100    14.00    2.21  0.2304    18.9600      20180602104053.00
  24   2018/02/25   18:25:49.200   16.9400   -100.7300     9.00    1.45  0.1807    15.3300      20180608043253.00
  25   2018/02/25   18:34:38.460   17.4100   -100.9800    12.10    1.75  0.1789    15.1900      20171222010425.00
  26   2018/02/25   18:34:46.280   17.0600   -101.1700    18.10    2.16  0.1916    15.0700      20180915055856.00
  27   2018/02/25   18:49:30.300   17.3100   -101.2100    16.00    2.77  0.3265    26.4000      20180213081543.00
  28   2018/02/25   19:44:14.420   17.2200   -101.1200    18.00    1.74  0.2531    21.1900      20181113191614.00
  29   2018/02/25   20:46:04.500   16.9100   -100.7300     3.00    1.58  0.1911    16.2100      20180608043253.00
  30   2018/02/25   21:58:33.680   17.3200   -101.5800     1.00    3.12  0.3191    21.2400      20180526132043.00
  31   2018/02/25   22:20:24.400   17.3200   -101.0400    12.10    1.85  0.1781    15.1200      20171222010425.00
  32   2018/02/25   22:59:58.840   17.2100   -101.4200    12.20    1.90  0.2668    15.8900      20180817025302.00
   1   2018/02/26   01:47:07.340   16.6100   -101.3300    15.10    2.61  0.2160    16.8300      20171217214655.00
   2   2018/02/26   02:43:10.000   16.9100   -100.7900     1.00    1.83  0.2378    17.7100      20180608043253.00
   3   2018/02/26   03:00:03.420   17.2500   -101.6300    12.00    2.60  0.2375    15.2700      20180823073727.00
   4   2018/02/26   06:25:40.960   16.2700   -100.7700     6.00    2.02  0.1856    15.1300      20171130213459.00
   5   2018/02/26   11:10:38.840   17.4400   -101.5600    27.30    3.07  0.2248    16.1900      20171129055646.00
   6   2018/02/26   11:59:43.180   17.2200   -101.0900    20.00    2.53  0.2121    15.8000      20181113191614.00
   7   2018/02/26   11:59:52.420   17.2100   -101.3300     4.20    2.32  0.2978    15.4500      20180817025302.00
   8   2018/02/26   12:11:29.480   16.9400   -100.6700     9.00    1.85  0.2383    17.7500      20180608043253.00
   9   2018/02/26   12:52:11.440   17.3000   -101.0400    38.20    2.24  0.2814    20.6400      20171214054549.00
  10   2018/02/26   17:13:41.460   17.1700   -100.9300    28.00    2.18  0.6355    45.7600      20180805063226.00
  11   2018/02/26   17:29:38.520   16.8500   -101.5600    16.10    3.22  0.2225    15.8200      20171229143047.00
  12   2018/02/26   17:57:31.400   16.9100   -100.7600     3.00    1.43  0.2089    15.5600      20180608043253.00
  13   2018/02/26   18:16:31.420   17.2900   -100.9900     5.00    2.86  0.2447    18.0800      20171203112622.00
  14   2018/02/26   18:59:37.340   16.9000   -100.3100    22.00    3.10  0.2549    16.9900      20180130044035.00
  15   2018/02/26   20:46:28.980   16.8200   -101.6200    20.10    2.42  0.2277    16.1900      20171229143047.00
  16   2018/02/26   20:49:25.940   16.8600   -101.5800    14.00    3.06  0.2429    17.9000      20180515232818.00
  17   2018/02/26   22:36:56.620   17.3800   -101.5100     2.80    2.10  0.2630    17.7000      20180929112959.00
  18   2018/02/26   22:49:04.320   16.9100   -100.7600     9.00    1.56  0.2070    15.4200      20180608043253.00
  19   2018/02/26   23:47:27.300   17.0000   -100.7900     5.00    0.31  0.2509    18.6900      20180608043253.00
   1   2018/02/27   00:25:47.760   17.1300   -100.1500    28.00    2.48  0.2376    16.0100      20180926140818.00
   2   2018/02/27   01:26:37.120   17.3300   -101.5500     5.00    2.42  0.3185    21.0100      20171214115235.00
   3   2018/02/27   03:12:03.240   17.0000   -100.7600     9.00    1.93  0.2311    15.3900      20180608043253.00
   4   2018/02/27   03:28:10.060   17.2200   -101.1200    18.00    1.90  0.2976    21.9200      20181113191614.00
   5   2018/02/27   06:30:36.500   17.0700   -101.0500    38.00    2.71  0.2285    16.4700      20180617024722.00
   6   2018/02/27   10:38:54.640   17.1200   -100.2400    27.10    2.57  0.2226    16.0400      20180718033701.00
   7   2018/02/27   14:04:42.700   16.6100   -101.0400     6.00    1.14  0.2011    15.1500      20180313213048.00
   8   2018/02/27   15:40:31.880   17.2100   -101.0100    34.20    2.83  0.2267    16.3600      20171214054549.00
   9   2018/02/27   17:01:10.400   16.8800   -100.7000     5.00    1.37  0.2309    15.3700      20180608043253.00
  10   2018/02/27   17:31:57.940   17.2600   -101.5100    33.00    3.59  0.4401    28.9800      20180416032255.00
  11   2018/02/27   21:14:35.460   17.2900   -100.9600     3.00    2.32  0.2110    15.2500      20171203112622.00
  12   2018/02/27   22:29:35.160   17.2600   -101.5100    33.00    2.50  0.3153    20.7700      20180416032255.00
  13   2018/02/27   22:33:44.640   17.2600   -101.5100    33.00    2.19  0.2348    15.4700      20180416032255.00
  14   2018/02/27   23:49:02.020   17.4300   -101.2100    55.70    2.30  0.2182    15.0100      20171202061710.00
  15   2018/02/27   23:49:08.220   17.3300   -101.1800    26.60    1.61  0.2551    16.5800      20180729222843.00
   1   2018/02/28   03:16:52.000   17.0300   -100.8100    10.00    3.60  0.8155    66.3400      20180228031652.00
   2   2018/02/28   07:28:55.580   16.9200   -100.2500    19.00    2.99  0.6255    39.7400      20180228150927.00
   3   2018/02/28   08:11:40.000   17.3000   -100.6000    47.00    3.50  0.9243    68.2800      20180228081140.00
   4   2018/02/28   09:03:07.480   17.5400   -101.5700    38.90    2.86  0.4232    30.7300      20180817063231.00
   5   2018/02/28   13:14:57.360   16.9200   -100.2500    19.00    2.92  0.3527    22.4100      20180228150927.00
   6   2018/02/28   15:09:27.000   16.9200   -100.2500    19.00    3.10  1.0000    63.5300      20180228150927.00
   7   2018/02/28   15:13:01.460   17.3200   -101.0900    13.20    3.31  0.2510    17.0500      20180801124118.00
   8   2018/02/28   15:31:35.960   16.9200   -100.2500    19.00    3.05  0.6668    42.3600      20180228150927.00
   9   2018/02/28   16:21:14.800   17.3600   -100.5800    42.00    2.86  0.2360    17.2900      20180108024020.00
  10   2018/02/28   16:27:24.280   16.8500   -101.6300    18.00    2.62  0.3506    26.6000      20180303090607.00
  11   2018/02/28   17:11:25.800   17.4100   -101.4800    13.70    2.44  0.2865    17.9500      20180814135313.00
  12   2018/02/28   17:31:30.460   17.4400   -101.0300     7.00    2.87  0.1925    15.0600      20180524090333.00
  13   2018/02/28   17:31:41.240   17.1500   -101.1000     4.20    2.34  0.2386    18.4900      20180716135840.00
  14   2018/02/28   18:35:58.520   16.8700   -100.0600     5.00    2.01  0.6439    45.6800      20180223121648.00
  15   2018/02/28   18:37:11.300   17.2600   -101.0200     3.00    1.67  0.2364    18.0400      20171203112622.00
  16   2018/02/28   19:57:08.580   16.9100   -100.2200    23.00    2.98  0.2358    15.7200      20181108042129.00
  17   2018/02/28   20:09:45.460   17.2900   -101.0200     7.00    2.59  0.2022    15.4300      20171203112622.00
  18   2018/02/28   20:57:21.680   16.9100   -100.7600     3.00    1.50  0.2406    18.4300      20180608043253.00
  19   2018/02/28   22:20:13.640   17.2900   -101.0800     7.00    1.86  0.2122    16.2000      20171203112622.00
  20   2018/02/28   23:39:53.740   17.7100   -101.2300    53.20    2.32  0.2232    16.9800      20180827011232.00
