   1   2018/07/01   00:27:10.560   17.2300   -100.9300    26.00    2.16  0.2099    17.6900      20180805063226.00
   2   2018/07/01   00:29:31.800   16.9100   -100.2100    10.00    1.77  0.1958    15.0800      20180517142221.00
   3   2018/07/01   01:42:43.560   17.0000   -100.7900     1.00    1.78  0.1685    15.5500      20180608043253.00
   4   2018/07/01   02:55:21.260   17.1200   -101.0100    10.20    2.02  0.1777    16.2800      20180716135840.00
   5   2018/07/01   03:52:51.580   17.1500   -100.3800    39.00    2.50  0.2122    17.3300      20180315040508.00
   6   2018/07/01   03:55:17.540   16.9100   -100.7900     9.00    1.81  0.1645    15.1800      20180608043253.00
   7   2018/07/01   04:25:59.000   17.3200   -100.4800    43.00    3.30  0.9049    74.2200      20180701042559.00
   8   2018/07/01   04:26:11.600   16.9700   -100.6700     0.00    2.55  0.1784    16.2600      20180608035650.00
   9   2018/07/01   05:12:18.340   17.2500   -100.2700    54.00    3.59  0.1809    15.3300      20180405195604.00
  10   2018/07/01   05:12:30.000   16.9100   -100.4200    10.00    3.50  1.0000    68.9700      20180701051230.00
  11   2018/07/01   05:15:46.440   17.2900   -101.1400    12.00    2.09  0.2089    18.0600      20180602104053.00
  12   2018/07/01   05:24:51.200   17.2600   -101.0500     5.00    2.53  0.1887    16.9300      20171203112622.00
  13   2018/07/01   05:39:47.380   17.4500   -101.3300    29.00    2.54  0.1874    15.0700      20180613103436.00
  14   2018/07/01   05:47:04.440   16.9100   -100.4200    10.00    2.58  0.4881    33.6700      20180701051230.00
  15   2018/07/01   06:10:31.340   16.5500   -101.1000    10.00    1.51  0.1798    15.9500      20180313213048.00
  16   2018/07/01   07:05:54.140   16.9700   -100.4700    30.00    3.15  0.1879    15.5300      20180115125143.00
  17   2018/07/01   09:57:13.220   17.1800   -101.3600     8.20    1.90  0.2984    17.9500      20180817025302.00
  18   2018/07/01   10:16:31.440   17.4900   -101.4000    30.00    2.79  0.1867    15.6500      20180416054658.00
  19   2018/07/01   10:16:37.440   17.3000   -101.4100    29.00    2.56  0.1773    15.0400      20180111154537.00
  20   2018/07/01   10:16:44.040   17.3500   -101.4500    10.00    2.22  0.2098    15.7400      20180823073403.00
  21   2018/07/01   10:54:25.680   17.4400   -101.1200     9.20    2.38  0.1932    15.0300      20180801124118.00
  22   2018/07/01   12:42:23.980   17.2600   -101.0500    14.00    2.27  0.1768    15.2800      20180602104053.00
  23   2018/07/01   12:49:36.540   17.1700   -100.9300    28.00    1.97  0.3093    26.0700      20180805063226.00
  24   2018/07/01   13:35:35.340   16.9400   -100.5000    30.00    3.57  0.2026    16.7500      20180115125143.00
  25   2018/07/01   13:35:45.420   16.4600   -100.8100     1.80    2.64  0.1882    15.6200      20180825005107.00
  26   2018/07/01   13:36:25.960   17.0800   -100.1400    26.00    3.30  0.1970    15.0300      20180408060129.00
  27   2018/07/01   15:08:22.120   17.2300   -101.0800     3.00    2.10  0.2212    19.8400      20171203112622.00
  28   2018/07/01   17:11:23.900   17.0000   -100.7300     5.00    1.58  0.1696    15.6500      20180608043253.00
  29   2018/07/01   17:46:57.260   16.9800   -100.4700    11.90    2.67  0.3797    31.2700      20180721152812.00
  30   2018/07/01   17:47:04.980   16.8700   -100.4600     3.00    2.44  0.2681    17.3600      20180419205910.00
  31   2018/07/01   18:04:25.800   17.2700   -101.3600     6.20    1.77  0.2783    16.7400      20180817025302.00
  32   2018/07/01   18:10:29.480   16.9700   -100.4400    14.50    2.52  0.2578    21.7600      20180727220345.00
  33   2018/07/01   18:10:38.120   16.9000   -100.4900     1.00    2.11  0.2430    15.7400      20180419205910.00
  34   2018/07/01   19:04:06.760   16.9700   -100.1100     1.00    3.82  0.2193    17.4200      20180523233122.00
  35   2018/07/01   19:22:28.040   17.2400   -101.1000     4.20    2.18  0.1711    15.6700      20180716135840.00
  36   2018/07/01   19:24:23.500   17.2100   -101.2000     9.60    2.34  0.2175    18.2800      20180729232343.00
  37   2018/07/01   19:45:51.180   17.4300   -101.4300     0.00    2.78  0.2399    19.3300      20180902190224.00
  38   2018/07/01   19:45:59.600   17.1500   -101.3600     7.00    2.16  0.2853    16.6500      20181009120826.00
  39   2018/07/01   19:57:11.760   17.6000   -101.3900    49.30    3.37  0.1661    15.2600      20171216060402.00
  40   2018/07/01   20:08:04.140   17.2400   -101.2000     5.60    2.22  0.2173    18.2600      20180729232343.00
  41   2018/07/01   20:37:37.360   17.2400   -100.9800     8.20    1.75  0.1935    17.7300      20180716135840.00
  42   2018/07/01   20:41:23.540   17.2500   -101.5700    10.00    2.62  0.2280    16.3300      20180823073727.00
  43   2018/07/01   20:42:23.800   17.1200   -101.0100     6.20    1.61  0.1891    17.3200      20180716135840.00
  44   2018/07/01   20:42:35.700   17.4900   -101.2400    49.70    3.44  0.2179    18.5900      20171202061710.00
  45   2018/07/01   20:42:44.540   17.5200   -101.4800    34.00    2.28  0.2046    16.9200      20180915115433.00
  46   2018/07/01   20:42:54.500   17.1600   -101.5000    10.00    2.15  0.1964    15.0500      20180517170951.00
  47   2018/07/01   22:53:31.160   17.3000   -101.2000     9.60    2.44  0.1898    15.9500      20180729232343.00
   1   2018/07/02   00:27:02.660   17.7200   -101.6700    34.10    2.72  0.3269    24.1000      20180730060110.00
   2   2018/07/02   00:34:25.480   17.0600   -100.0500    39.70    2.56  0.3419    22.1600      20181003063415.00
   3   2018/07/02   00:48:13.480   17.1500   -101.3900     7.00    1.89  0.2912    15.7500      20181009120826.00
   4   2018/07/02   03:22:07.000   16.9600   -100.5300     8.30    1.74  0.3454    25.7700      20171216074413.00
   5   2018/07/02   03:30:48.320   17.1200   -100.0700    51.00    2.92  0.2463    17.6000      20180223230111.00
   6   2018/07/02   05:54:14.500   16.9300   -100.3600    10.00    1.90  0.2865    21.0100      20180407032018.00
   7   2018/07/02   09:53:40.180   16.8100   -100.1000     2.00    3.23  0.2959    18.9300      20180925203509.00
   8   2018/07/02   11:44:22.560   16.8100   -100.1000     2.00    3.47  0.3267    20.9000      20180925203509.00
   9   2018/07/02   16:00:49.560   16.8300   -100.3200    17.50    3.12  0.2483    15.4400      20171230095748.00
  10   2018/07/02   21:29:18.780   17.1400   -100.3900    39.00    2.48  0.6172    46.5300      20180612093635.00
  11   2018/07/02   22:09:40.660   17.3200   -100.9900     7.00    2.52  0.2271    17.7200      20171203112622.00
  12   2018/07/02   23:04:45.080   17.2700   -101.1000    38.20    2.50  0.2115    16.3700      20171214054549.00
   1   2018/07/03   00:15:10.220   16.9300   -100.3700    24.00    1.40  0.3406    23.2000      20180726005704.00
   2   2018/07/03   04:30:15.200   17.2400   -101.0700    32.20    2.27  0.2179    17.3400      20171214054549.00
   3   2018/07/03   06:29:26.020   17.4700   -101.5300    23.30    2.69  0.2015    15.9100      20171129055646.00
   4   2018/07/03   08:45:26.880   17.2000   -101.0800     9.00    2.01  0.2003    16.1700      20171203112622.00
   5   2018/07/03   10:31:40.160   17.2700   -101.3300     6.20    1.70  0.2780    15.6800      20180817025302.00
   6   2018/07/03   10:32:48.900   17.3500   -101.6700     9.00    2.08  0.2146    15.3100      20180514215426.00
   7   2018/07/03   10:32:59.280   17.2100   -101.3900     3.00    2.03  0.2925    15.2900      20181009121741.00
   8   2018/07/03   10:34:16.080   17.2400   -101.3600     4.20    2.05  0.2887    16.2900      20180817025302.00
   9   2018/07/03   10:49:48.360   16.8100   -100.4900     3.00    1.61  0.2380    17.3200      20180625132143.00
  10   2018/07/03   11:58:09.540   16.9300   -100.3700    24.00    2.28  0.3430    23.3600      20180726005704.00
  11   2018/07/03   12:39:06.940   16.9200   -100.7900     3.70    1.54  0.1924    15.2600      20181028225625.00
  12   2018/07/03   12:45:06.760   17.3000   -101.0400    38.20    1.90  0.2156    17.1700      20171214054549.00
  13   2018/07/03   13:18:22.800   17.3200   -100.9600     7.00    1.84  0.2024    16.3400      20171203112622.00
  14   2018/07/03   14:55:30.000   17.4300   -100.3600    71.00    3.40  0.9509    68.4900      20180703145530.00
  15   2018/07/03   15:24:28.000   17.4700   -101.7200     3.00    2.76  0.2518    16.4900      20180312213033.00
  16   2018/07/03   15:24:40.620   17.1900   -101.4200     1.00    2.08  0.2778    15.7800      20181012055646.00
  17   2018/07/03   15:36:05.700   17.3600   -101.4500    23.30    3.16  0.2700    18.5200      20180729025851.00
  18   2018/07/03   16:13:36.020   17.1300   -100.3500    43.00    2.96  0.2369    17.0800      20180402034137.00
  19   2018/07/03   16:54:18.840   17.2700   -101.3900     4.20    1.97  0.2758    15.5600      20180817025302.00
  20   2018/07/03   16:55:37.420   17.3200   -101.2800    50.00    2.39  0.2111    15.5900      20180420070249.00
  21   2018/07/03   18:17:58.440   16.5200   -100.6800    21.00    2.08  0.2366    17.1300      20180622041336.00
  22   2018/07/03   19:34:05.040   17.0000   -100.7300     3.00    1.66  0.2314    18.4800      20180608043253.00
  23   2018/07/03   20:08:49.780   17.2100   -100.4200    21.00    1.76  0.1956    15.0900      20180126170817.00
  24   2018/07/03   20:55:25.800   16.9300   -100.4000     3.00    1.88  0.2065    15.0300      20180625132143.00
  25   2018/07/03   22:24:32.300   17.2300   -100.8200    11.00    2.58  0.5243    40.4600      20180629155201.00
   1   2018/07/04   01:06:40.000   16.8700   -100.4500     3.00    3.70  0.9669    64.1700      20180704010640.00
   2   2018/07/04   01:08:38.120   16.9400   -100.7900     3.00    1.60  0.1853    15.8900      20180608043253.00
   3   2018/07/04   01:12:44.460   16.8700   -100.4500     3.00    2.13  0.2448    16.2500      20180704010640.00
   4   2018/07/04   02:22:06.520   17.7100   -101.5100    36.50    3.82  0.2329    16.0400      20181003125724.00
   5   2018/07/04   02:22:13.820   17.4100   -101.3500     4.00    3.55  0.2206    15.9400      20180103201408.00
   6   2018/07/04   03:36:06.000   16.9500   -100.1700    12.00    4.10  0.9336    69.2700      20180704033606.00
   7   2018/07/04   03:40:54.540   16.9500   -100.1700    12.00    1.57  0.3625    26.9000      20180704033606.00
   8   2018/07/04   04:05:35.500   17.3700   -100.8600    40.00    1.77  0.2038    15.9600      20180329222425.00
   9   2018/07/04   04:07:26.740   16.7700   -101.7800    16.00    2.73  0.3393    27.3800      20180413074619.00
  10   2018/07/04   04:20:36.360   16.9500   -100.1700    12.00    1.49  0.4331    32.1300      20180704033606.00
  11   2018/07/04   08:03:57.400   17.2200   -101.6300    10.00    2.30  0.2310    16.8600      20180823073727.00
  12   2018/07/04   08:35:46.180   16.9700   -100.6700     5.00    2.60  0.1847    15.8400      20180608043253.00
  13   2018/07/04   10:09:15.880   17.2100   -101.3500     8.70    1.73  0.2243    15.1100      20181002115947.00
  14   2018/07/04   10:42:17.000   16.9100   -100.7000     6.00    1.44  0.2075    17.0300      20180608035650.00
  15   2018/07/04   10:45:11.240   16.8700   -100.4500     3.00    2.25  0.3847    25.5300      20180704010640.00
  16   2018/07/04   12:00:01.500   17.2700   -101.3900     6.20    1.73  0.2807    15.3400      20180817025302.00
  17   2018/07/04   12:22:17.080   17.2300   -101.0300     8.00    2.50  0.2563    20.5200      20180304061321.00
  18   2018/07/04   12:25:17.740   17.1800   -101.0700     4.20    1.90  0.2173    18.0100      20180716135840.00
  19   2018/07/04   14:43:09.200   17.2900   -101.0800    12.00    3.96  0.2165    16.9700      20180602104053.00
  20   2018/07/04   15:55:38.860   17.2400   -101.3600     6.20    2.20  0.3202    17.5000      20180817025302.00
  21   2018/07/04   16:21:56.940   16.9700   -100.7300     1.00    1.77  0.1811    15.5200      20180608043253.00
  22   2018/07/04   16:22:20.240   17.1200   -100.3000    38.00    2.94  0.2615    20.0200      20180407064556.00
  23   2018/07/04   16:22:26.340   16.9300   -100.4500     5.60    2.74  0.1877    15.1000      20171224003744.00
  24   2018/07/04   18:09:53.500   16.8800   -100.6700     5.00    1.61  0.1827    15.6600      20180608043253.00
  25   2018/07/04   21:56:10.820   17.7200   -100.2200   111.40    3.34  0.2819    17.0300      20180730221016.00
   1   2018/07/05   00:14:06.020   16.8700   -100.4500     3.00    1.17  0.2893    20.5200      20180704010640.00
   2   2018/07/05   00:15:52.540   17.2200   -101.1200    18.00    1.04  0.3628    28.7900      20181113191614.00
   3   2018/07/05   00:26:06.660   17.2200   -101.5700    14.00    2.12  0.2307    16.1100      20180823073727.00
   4   2018/07/05   00:34:28.080   17.3300   -101.5200     7.00    2.39  0.2644    18.0300      20171214115235.00
   5   2018/07/05   00:38:01.540   17.4100   -101.5000    25.30    2.48  0.2170    17.4700      20171129055646.00
   6   2018/07/05   02:05:10.400   16.8800   -99.9400    11.40    3.52  0.1973    15.0900      20180804003704.00
   7   2018/07/05   02:16:34.200   16.9100   -100.7300     5.00    1.80  0.1932    16.4000      20180608043253.00
   8   2018/07/05   05:47:04.760   17.1700   -100.3900    40.00    2.57  0.2378    18.7500      20180604032311.00
   9   2018/07/05   10:34:23.340   17.0600   -100.6400    23.00    1.99  0.2344    19.6600      20180616150312.00
  10   2018/07/05   10:37:08.540   16.9400   -100.6700     7.00    1.63  0.1939    16.4600      20180608043253.00
  11   2018/07/05   11:07:29.560   17.2400   -101.3000    10.20    1.93  0.2768    15.3400      20180817025302.00
  12   2018/07/05   13:54:17.360   17.3400   -101.6300    12.00    2.44  0.2175    15.1900      20180823073727.00
  13   2018/07/05   15:46:59.000   17.0900   -100.2000     9.00    3.50  0.9162    71.8700      20180705154659.00
  14   2018/07/05   15:57:45.980   17.5000   -101.1800    52.00    3.20  0.8337    64.1000      20180705155746.00
  15   2018/07/05   16:01:50.520   16.9100   -100.6700     7.00    1.50  0.1773    15.0400      20180608043253.00
  16   2018/07/05   17:40:25.440   16.9900   -100.6700    10.00    1.59  0.1805    15.3200      20180604194355.00
  17   2018/07/05   17:47:53.600   17.0300   -100.0800     5.00    2.67  0.2697    18.9000      20180803030006.00
  18   2018/07/05   17:49:36.560   17.0300   -100.0800     5.00    2.95  0.3071    21.5100      20180803030006.00
  19   2018/07/05   19:43:52.360   17.3300   -101.5500     5.00    2.37  0.2209    15.0700      20171214115235.00
  20   2018/07/05   20:26:57.380   17.2700   -101.1000    34.20    1.78  0.2020    16.6400      20171214054549.00
  21   2018/07/05   21:18:17.280   16.8600   -100.4900     0.00    2.81  0.1984    16.3800      20181111002016.00
  22   2018/07/05   21:47:48.000   17.1900   -100.3300    11.00    3.50  1.0000    81.7200      20180705214748.00
  23   2018/07/05   22:04:06.200   17.3200   -101.1500     9.20    3.03  0.2266    16.1500      20180801124118.00
  24   2018/07/05   22:04:13.420   17.2400   -101.1700    13.60    2.83  0.2087    16.7200      20180729232343.00
  25   2018/07/05   22:18:14.000   16.8500   -101.2600    10.00    3.90  1.0000    76.1900      20180705221814.00
  26   2018/07/05   22:48:44.560   17.3300   -101.2500    33.70    3.11  0.2333    16.3600      20180720025924.00
  27   2018/07/05   22:57:48.840   17.0700   -100.6300     5.80    2.23  0.5085    41.9600      20180826173344.00
  28   2018/07/05   23:06:27.200   16.8300   -100.2600    17.50    2.69  0.2129    15.1300      20171230095748.00
  29   2018/07/05   23:13:07.240   17.0700   -100.6300     5.80    1.89  0.1891    15.6100      20180826173344.00
  30   2018/07/05   23:33:37.920   17.2600   -101.1400     8.00    1.40  0.2056    16.1800      20180602104053.00
   1   2018/07/06   05:04:50.360   17.4800   -101.0300    13.10    1.33  0.1781    15.0300      20171207045648.00
   2   2018/07/06   05:05:02.120   17.0900   -101.2300    16.10    2.20  0.2293    15.2400      20180915055856.00
   3   2018/07/06   05:41:31.180   17.3200   -101.0200     7.00    1.79  0.2229    17.0900      20171203112622.00
   4   2018/07/06   10:13:31.820   17.4700   -101.5000    27.30    2.81  0.2002    15.4000      20171129055646.00
   5   2018/07/06   14:47:17.500   17.1000   -100.3900    44.80    2.33  0.2122    15.1200      20180715054502.00
   6   2018/07/06   16:46:24.940   16.9300   -100.4500     9.60    2.74  0.2366    17.2300      20171224003744.00
   7   2018/07/06   18:04:07.780   17.1500   -101.4500     9.00    1.98  0.2811    15.1200      20181009120826.00
   8   2018/07/06   20:39:35.760   17.2500   -101.6000     8.00    2.36  0.2295    15.8300      20180823073727.00
   9   2018/07/06   21:33:15.440   17.1700   -100.4200    37.00    2.56  0.2071    15.4500      20180612093635.00
  10   2018/07/06   21:59:58.960   17.7200   -100.2200   111.40    3.50  0.2726    19.4000      20180730221016.00
  11   2018/07/06   22:52:44.700   17.3100   -101.2100    16.00    2.63  0.5346    37.9900      20180213081543.00
   1   2018/07/07   00:33:47.000   17.4100   -101.4800    13.70    2.85  0.2858    17.6800      20180814135313.00
   2   2018/07/07   00:33:53.940   17.2900   -101.6100     1.00    2.64  0.2437    15.2800      20180526132043.00
   3   2018/07/07   02:09:20.840   17.4500   -101.3000    10.00    2.19  0.1973    15.7000      20180221154306.00
   4   2018/07/07   02:09:28.680   17.2100   -101.1400    44.30    2.26  0.2091    16.6300      20171126040530.00
   5   2018/07/07   03:38:14.520   16.6900   -100.5900    15.40    2.96  0.2307    15.8800      20180811105633.00
   6   2018/07/07   05:05:17.740   17.3200   -101.3800    36.00    2.22  0.2273    17.3600      20180507062217.00
   7   2018/07/07   08:57:04.000   17.2900   -101.1500    14.00    3.60  1.0000    75.9600      20180707085704.00
   8   2018/07/07   09:40:24.580   17.2900   -101.1500    14.00    2.07  0.3493    26.5300      20180707085704.00
   9   2018/07/07   09:54:47.620   17.0000   -101.7800    18.00    1.82  0.2064    15.9900      20180106163630.00
  10   2018/07/07   10:00:34.820   17.2900   -101.1500    14.00    2.08  0.2489    18.9000      20180707085704.00
  11   2018/07/07   10:56:08.260   17.2000   -101.0800     3.00    2.32  0.2361    18.7700      20171203112622.00
  12   2018/07/07   12:45:38.500   17.2900   -101.0700     9.80    2.07  0.4601    39.2500      20171203004733.00
  13   2018/07/07   12:57:15.560   17.4700   -101.5900    11.00    2.66  0.3247    21.9600      20180327103746.00
  14   2018/07/07   14:05:56.360   17.1000   -100.4200    42.80    2.68  0.2679    19.4700      20180715054502.00
  15   2018/07/07   15:41:29.000   17.1700   -100.9000    30.00    3.40  0.7772    59.1300      20180707154129.00
  16   2018/07/07   18:07:31.340   17.0300   -100.0800     5.00    2.64  0.2712    17.6300      20180803030006.00
  17   2018/07/07   18:11:50.200   17.2900   -100.9900     7.00    2.04  0.2434    19.3500      20171203112622.00
  18   2018/07/07   19:33:25.300   16.9400   -100.7000     5.00    1.63  0.2123    15.2300      20180608043253.00
  19   2018/07/07   20:48:11.300   17.3600   -101.3300     9.00    2.27  0.2218    15.5200      20181025114119.00
  20   2018/07/07   21:46:20.680   16.9800   -100.4700    11.90    2.41  0.2971    22.2700      20180721152812.00
  21   2018/07/07   21:57:45.040   17.7200   -100.2200   111.40    3.44  0.2930    19.0100      20180730221016.00
   1   2018/07/08   00:04:06.720   17.3900   -101.6100     3.00    0.64  0.3342    22.1400      20171214115235.00
   2   2018/07/08   00:06:26.280   16.9400   -100.7900     5.00   -0.14  0.2065    15.6300      20180608043253.00
   3   2018/07/08   00:24:15.620   17.3700   -101.4400    31.00    1.29  0.3032    23.4100      20180614045253.00
   4   2018/07/08   00:37:49.420   16.9700   -100.0000     7.30    3.12  0.4279    30.6200      20181014123022.00
   5   2018/07/08   01:46:10.200   17.3800   -101.6400     5.00    2.32  0.2482    16.1500      20180526132043.00
   6   2018/07/08   01:51:01.380   17.2700   -101.0700    32.20    1.80  0.2335    18.6200      20171214054549.00
   7   2018/07/08   01:55:47.400   16.8800   -100.7900     7.00    1.39  0.2075    15.7100      20180608043253.00
   8   2018/07/08   03:31:05.000   16.8300   -100.1900     8.00    3.70  0.9518    72.8000      20180708033105.00
   9   2018/07/08   03:36:10.240   17.2300   -100.9900     3.00    1.99  0.2016    16.2800      20171203112622.00
  10   2018/07/08   03:44:39.140   17.2300   -100.9900     3.00    2.47  0.2162    17.4600      20171203112622.00
  11   2018/07/08   03:56:20.480   17.2400   -101.2300    13.60    2.32  0.2038    16.0500      20180729232343.00
  12   2018/07/08   04:43:43.280   16.9700   -100.6700     1.00    1.36  0.2122    16.0600      20180608043253.00
  13   2018/07/08   04:56:16.560   17.2700   -100.8400    36.00    2.37  0.2236    17.3100      20180104155624.00
  14   2018/07/08   04:58:22.080   17.2300   -101.0500     7.00    1.75  0.2409    19.4500      20171203112622.00
  15   2018/07/08   05:45:39.280   16.8200   -100.4700    10.50    2.03  0.2161    15.4900      20180919225114.00
  16   2018/07/08   05:53:58.440   16.9600   -100.4500     7.60    2.29  0.2010    15.7600      20171224003744.00
  17   2018/07/08   05:56:25.960   16.9600   -100.4500     7.60    2.87  0.2192    17.1900      20171224003744.00
  18   2018/07/08   06:13:59.820   17.2400   -101.1700    46.30    1.75  0.3939    31.8500      20171126040530.00
  19   2018/07/08   06:25:21.280   17.2100   -101.0700     8.20    1.91  0.2213    17.0700      20180716135840.00
  20   2018/07/08   08:21:16.700   17.2900   -101.3100    14.00    2.33  0.2120    15.6200      20180528222819.00
  21   2018/07/08   08:44:18.000   16.9200   -100.5800     5.00    1.80  0.1977    15.1700      20180301161423.00
  22   2018/07/08   09:40:38.480   17.2400   -101.1400    27.00    2.24  0.2727    20.2000      20180531063846.00
  23   2018/07/08   09:50:07.040   16.9700   -100.6700     3.00    1.74  0.2042    15.4500      20180608043253.00
  24   2018/07/08   10:22:01.200   16.8500   -100.4400    14.50    2.41  0.2219    15.9100      20180919225114.00
  25   2018/07/08   11:07:20.020   16.8800   -100.7900     1.00    1.80  0.2014    15.2500      20180608043253.00
  26   2018/07/08   11:16:42.180   16.8700   -100.0500     5.00    2.56  0.3127    23.1100      20181019003936.00
  27   2018/07/08   12:01:59.880   16.8300   -100.1100    32.40    2.65  0.2156    16.4800      20180904060625.00
  28   2018/07/08   12:12:20.840   16.9400   -100.7900     1.00    1.52  0.2160    16.3500      20180608043253.00
  29   2018/07/08   14:20:23.720   17.5400   -101.6600    23.60    3.04  0.2828    18.7800      20180712093041.00
  30   2018/07/08   14:50:26.760   17.4900   -101.6000    30.00    2.95  0.2408    16.2900      20180312150214.00
  31   2018/07/08   14:50:37.980   17.1800   -101.3900     1.00    2.33  0.3445    19.1500      20181009120826.00
  32   2018/07/08   15:41:22.400   17.3700   -101.4400    29.00    3.34  0.5767    44.5300      20180614045253.00
  33   2018/07/08   16:58:23.800   17.3200   -100.9900     7.00    1.98  0.2115    17.0800      20171203112622.00
  34   2018/07/08   18:13:05.560   16.9300   -100.3400    14.00    2.96  0.2794    20.3400      20180130044035.00
  35   2018/07/08   18:13:53.320   16.9300   -100.2800    20.00    2.78  0.2063    15.0200      20180130044035.00
  36   2018/07/08   18:57:22.300   16.9100   -101.5500     9.00    2.44  0.2796    19.6700      20180514004932.00
  37   2018/07/08   22:51:14.420   17.3000   -101.2800    20.40    4.41  0.1867    15.4700      20171202211349.00
  38   2018/07/08   22:51:22.000   17.3300   -101.3400    27.00    3.70  0.8736    64.2300      20180708225122.00
  39   2018/07/08   22:57:33.300   16.5500   -101.1000     6.00    1.60  0.3463    26.0400      20180313213048.00
  40   2018/07/08   23:05:21.680   17.3300   -101.3400    27.00    2.22  0.3506    25.7800      20180708225122.00
  41   2018/07/08   23:06:49.980   17.2400   -101.3900     4.20    1.83  0.2723    15.2700      20180817025302.00
  42   2018/07/08   23:22:52.840   17.3300   -101.3400    27.00    1.82  0.3482    25.6000      20180708225122.00
   1   2018/07/09   07:46:29.700   17.2600   -101.2400    15.00    2.63  0.2505    17.8200      20180727052137.00
   2   2018/07/09   10:15:52.940   16.8800   -100.7600     9.00    1.70  0.2132    15.8800      20180608043253.00
   3   2018/07/09   10:16:22.000   17.3100   -101.3200    10.00    3.90  1.0000    73.1800      20180709101622.00
   4   2018/07/09   11:15:29.480   17.1000   -100.1500     5.00    1.93  0.2435    17.5400      20171204190405.00
   5   2018/07/09   12:28:56.420   17.3100   -101.3200    10.00    1.75  0.3579    26.1900      20180709101622.00
   6   2018/07/09   14:34:39.620   17.2300   -100.9600     7.00    2.07  0.2116    15.6500      20171203112622.00
   7   2018/07/09   15:11:18.000   17.0600   -100.6400    31.00    2.52  0.2207    16.9600      20180616150312.00
   8   2018/07/09   23:11:24.000   17.1600   -100.5400    38.00    3.00  1.0000    75.9300      20180709231124.00
   9   2018/07/09   23:11:32.200   16.9400   -100.6700     9.00    2.62  0.2105    15.6800      20180608043253.00
   1   2018/07/10   02:30:43.420   17.2900   -101.1500    14.00    1.79  0.2782    19.8000      20180707085704.00
   2   2018/07/10   02:50:47.760   16.9700   -100.7900     9.00    1.69  0.1950    15.6100      20180608043253.00
   3   2018/07/10   03:00:23.440   17.0000   -100.7000     7.00    1.86  0.2105    16.8500      20180608043253.00
   4   2018/07/10   03:04:31.900   17.2900   -101.0200     1.00    2.18  0.3485    26.5400      20171203112622.00
   5   2018/07/10   05:19:36.240   17.2000   -100.9600     1.00    1.93  0.2467    18.7900      20171203112622.00
   6   2018/07/10   07:37:35.820   17.2900   -101.1500    14.00    1.86  0.4917    34.9900      20180707085704.00
   7   2018/07/10   11:23:04.100   17.4400   -101.1200    13.20    3.78  0.2173    15.2500      20180801124118.00
   8   2018/07/10   11:26:27.760   17.3900   -101.6100     3.00    2.53  0.2462    16.3700      20171214115235.00
   9   2018/07/10   12:59:19.200   16.9100   -101.7700    16.00    2.61  0.2223    15.3800      20180625172543.00
  10   2018/07/10   13:50:38.480   17.0000   -100.7900     3.00    1.59  0.1988    15.9200      20180608043253.00
  11   2018/07/10   14:56:12.300   17.2400   -101.0700    36.20    2.20  0.2745    20.7600      20171214054549.00
  12   2018/07/10   15:46:25.320   17.0900   -100.4000    42.30    2.16  0.2058    15.3800      20181005080039.00
  13   2018/07/10   16:00:58.740   16.5300   -100.9300    16.00    1.80  0.2619    20.0400      20180408144521.00
  14   2018/07/10   17:09:36.620   17.3000   -101.4500     5.00    2.22  0.2849    15.0700      20181009121741.00
  15   2018/07/10   17:39:24.000   17.3100   -101.3200    10.00    2.64  0.6435    47.8500      20180709101622.00
  16   2018/07/10   18:13:19.620   16.9300   -100.3700    24.00    2.41  0.3814    26.1400      20180726005704.00
  17   2018/07/10   19:33:56.680   17.2400   -101.0700    36.20    2.33  0.2586    19.5600      20171214054549.00
  18   2018/07/10   19:34:02.900   17.0300   -100.9800     8.00    1.65  0.1944    15.2200      20171125214424.00
  19   2018/07/10   20:25:37.040   16.3600   -100.7100    16.10    1.99  0.3143    21.7500      20180802125507.00
  20   2018/07/10   20:26:31.880   16.3600   -100.7100    16.10    2.18  0.3952    27.3600      20180802125507.00
  21   2018/07/10   21:31:45.100   17.3000   -101.1400    31.00    2.27  0.2529    17.6800      20180531063846.00
  22   2018/07/10   22:44:13.680   17.1800   -101.0100     6.20    2.23  0.2064    15.3000      20180716135840.00
  23   2018/07/10   23:15:39.720   16.8400   -100.3700    14.00    2.70  0.2177    15.6300      20180130044035.00
   1   2018/07/11   00:58:54.600   17.3200   -101.3200     9.00    2.64  0.2028    16.5200      20181114094750.00
   2   2018/07/11   01:09:41.840   17.3600   -101.6100     3.00    2.72  0.2311    15.4700      20171214115235.00
   3   2018/07/11   04:42:11.900   17.4900   -101.2100    55.70    3.20  0.2023    15.2000      20171202061710.00
   4   2018/07/11   06:07:33.440   17.1600   -101.0300    22.00    1.92  0.2515    20.3600      20180514151444.00
   5   2018/07/11   06:48:12.220   16.7900   -100.1700    29.60    2.56  0.2102    15.7200      20180817160836.00
   6   2018/07/11   07:13:24.780   17.2700   -101.4200     7.00    2.45  0.3220    17.1300      20181009121741.00
   7   2018/07/11   07:31:49.960   17.2500   -101.6300    12.00    2.67  0.2460    16.5900      20180823073727.00
   8   2018/07/11   10:01:08.820   16.9000   -100.4000     3.00    2.05  0.2607    15.3800      20180419205910.00
   9   2018/07/11   10:12:36.860   16.9700   -100.4400    12.50    2.80  0.2188    16.6000      20180727220345.00
  10   2018/07/11   10:12:44.720   16.7800   -100.4000     9.00    2.16  0.3131    18.4700      20180419205910.00
  11   2018/07/11   11:41:42.420   17.6600   -101.2900    47.90    1.56  0.1936    15.3400      20180922092757.00
  12   2018/07/11   11:41:52.220   17.2100   -101.2600     9.60    2.40  0.2032    15.1100      20180729232343.00
  13   2018/07/11   11:58:51.840   17.1400   -100.3900    39.00    2.20  0.3926    29.0900      20180612093635.00
  14   2018/07/11   12:58:40.160   17.1500   -100.8600    10.00    1.61  0.3980    32.1700      20180115210508.00
  15   2018/07/11   13:55:34.340   17.4100   -101.1200     1.00    2.65  0.1900    15.2100      20180524090333.00
  16   2018/07/11   13:57:20.000   16.8000   -100.0800    21.30    3.70  0.9468    70.0500      20180711135720.00
  17   2018/07/11   14:15:14.960   17.0000   -100.6700     1.00    1.54  0.2316    17.9800      20180608043253.00
  18   2018/07/11   15:24:48.380   17.0300   -100.7600     4.00    1.44  0.1930    15.3600      20180608035650.00
  19   2018/07/11   16:45:04.000   17.2500   -101.6300    12.00    2.55  0.2669    18.0000      20180823073727.00
  20   2018/07/11   16:45:18.180   16.8500   -100.1500    11.00    2.51  0.2402    16.1300      20180210071508.00
  21   2018/07/11   17:08:50.120   17.0800   -100.0900    38.00    3.00  0.2382    18.2100      20180607040116.00
  22   2018/07/11   17:51:36.460   17.2900   -100.9900     7.00    2.23  0.2392    18.2700      20171203112622.00
  23   2018/07/11   17:53:01.460   17.3200   -101.1200    17.20    3.29  0.2143    15.2100      20180801124118.00
  24   2018/07/11   18:19:56.120   17.3600   -101.4900     7.00    2.31  0.2260    15.1300      20171214115235.00
  25   2018/07/11   18:24:01.320   17.3800   -101.1800    11.20    3.53  0.2397    17.0200      20180801124118.00
  26   2018/07/11   18:25:27.760   17.2100   -101.1700    46.30    2.17  0.2684    20.8700      20171126040530.00
  27   2018/07/11   18:32:10.260   16.9100   -100.7000     9.00    1.37  0.1952    15.1500      20180608043253.00
  28   2018/07/11   18:53:23.060   17.2000   -100.1400    49.20    2.87  0.2610    19.2100      20171122024922.00
  29   2018/07/11   23:46:03.720   17.3700   -101.4400    31.00    1.14  0.3411    26.1200      20180614045253.00
   1   2018/07/12   00:49:01.000   16.9000   -100.0200     4.30    3.30  1.0000    65.2600      20180712004901.00
   2   2018/07/12   01:53:05.540   16.8900   -100.4500     9.40    2.74  0.2289    15.3200      20181031093145.00
   3   2018/07/12   04:43:14.640   17.1000   -100.3900    44.80    2.32  0.4370    33.0700      20180715054502.00
   4   2018/07/12   05:45:15.800   16.9700   -100.7300     6.00    1.38  0.2091    16.1700      20180608035650.00
   5   2018/07/12   07:51:25.760   17.1900   -100.3500     5.00    2.02  0.3631    24.3500      20180809105016.00
   6   2018/07/12   09:30:41.000   17.4800   -101.6000    23.60    3.40  1.0000    62.8700      20180712093041.00
   7   2018/07/12   09:50:22.000   17.0000   -100.7900     7.00    1.57  0.2047    15.8500      20180608043253.00
   8   2018/07/12   12:30:18.840   17.1500   -100.1800     0.00    2.83  0.2159    15.9600      20180129194202.00
   9   2018/07/12   12:51:42.520   17.5400   -101.3500    42.00    2.59  0.2795    20.3500      20180615063312.00
  10   2018/07/12   15:42:40.460   17.2900   -101.0800    32.00    2.21  0.4584    36.0700      20180507124558.00
  11   2018/07/12   16:36:47.660   16.5800   -101.0700    12.00    1.33  0.2111    15.7400      20180313213048.00
  12   2018/07/12   17:01:59.980   16.8500   -101.7500    13.00    2.68  0.2155    15.1900      20181005051231.00
  13   2018/07/12   18:03:21.300   16.8400   -100.1400    10.50    2.83  0.4493    29.9000      20181030085053.00
  14   2018/07/12   18:41:05.680   17.2700   -101.1000    36.20    2.79  0.2078    15.9600      20171214054549.00
  15   2018/07/12   18:44:55.680   17.0300   -101.1400    14.10    2.25  0.2200    15.4500      20180915055856.00
  16   2018/07/12   19:39:12.100   17.1800   -101.6000     6.00    2.56  0.2109    15.5300      20171217090333.00
  17   2018/07/12   19:46:17.100   17.2200   -101.0600    14.00    1.90  0.2113    15.8100      20181113191614.00
  18   2018/07/12   20:31:58.720   17.4400   -101.5900     6.50    2.36  0.3871    26.0700      20180825093322.00
  19   2018/07/12   21:26:41.180   17.4300   -101.1200    55.70    4.44  0.2004    15.4400      20171202061710.00
  20   2018/07/12   21:26:48.000   17.3000   -100.6200    50.00    3.80  0.9413    70.0500      20180712212648.00
  21   2018/07/12   22:28:21.960   16.9400   -100.7000     9.00    1.74  0.2160    16.7200      20180608043253.00
   1   2018/07/13   00:59:30.600   17.3600   -101.4300    25.10    2.77  0.2880    21.9100      20171121065832.00
   2   2018/07/13   06:58:06.160   17.5000   -101.1500    48.60    3.31  0.1876    15.4300      20171127060134.00
   3   2018/07/13   06:58:13.320   17.2500   -101.1800    14.00    3.11  0.2272    17.0700      20181113191614.00
   4   2018/07/13   08:16:17.380   17.2100   -100.4200    21.00    1.90  0.3651    27.5600      20180126170817.00
   5   2018/07/13   08:30:45.940   17.1600   -100.0700    10.00    2.72  0.7280    50.9100      20180320034504.00
   6   2018/07/13   08:46:38.180   17.4800   -101.6400    10.10    2.69  0.3799    25.0600      20181023114618.00
   7   2018/07/13   09:41:08.080   17.1800   -101.6300     6.00    2.56  0.2120    15.3700      20171217090333.00
   8   2018/07/13   11:18:51.780   17.2900   -101.5800     5.00    2.54  0.2444    15.0600      20180526132043.00
   9   2018/07/13   11:30:36.480   17.3000   -101.2600     7.60    2.37  0.2094    15.1600      20180729232343.00
  10   2018/07/13   11:36:43.500   17.2600   -101.0000    10.00    1.88  0.2143    15.8200      20180304061321.00
  11   2018/07/13   11:55:07.080   17.1700   -100.9600     8.10    2.85  0.7837    60.1500      20180713124304.00
  12   2018/07/13   12:05:45.000   17.1500   -100.9900    15.00    3.70  0.8871    67.1700      20180713120545.00
  13   2018/07/13   12:43:05.160   17.1500   -100.9900    15.00    3.80  0.8404    63.6300      20180713120545.00
  14   2018/07/13   13:17:40.840   17.1800   -101.6000     6.00    2.59  0.2201    15.9500      20171217090333.00
  15   2018/07/13   14:07:23.120   17.3500   -101.1400    10.00    2.57  0.2103    15.3900      20180602104053.00
  16   2018/07/13   15:36:29.340   16.4400   -100.8700    14.00    1.91  0.2794    20.5000      20180408144521.00
  17   2018/07/13   16:33:02.620   17.2800   -101.2600    14.00    2.07  0.2362    16.0100      20180530170231.00
  18   2018/07/13   17:12:39.860   17.3700   -101.4600     4.00    3.28  0.6834    45.5100      20180902190224.00
  19   2018/07/13   17:12:46.620   17.3200   -101.4800    14.00    2.66  0.2173    15.5900      20180823073403.00
  20   2018/07/13   18:57:01.940   17.2200   -101.4100     3.00    2.13  0.2047    15.3900      20180204012610.00
  21   2018/07/13   20:38:33.060   17.1200   -100.3000    34.00    2.89  0.2516    18.2700      20180407064556.00
  22   2018/07/13   21:58:49.780   17.7200   -100.2200   111.40    3.58  0.3075    18.3700      20180730221016.00
  23   2018/07/13   22:32:48.480   17.1800   -101.6000     6.00    2.74  0.2253    16.3300      20171217090333.00
  24   2018/07/13   23:17:35.000   17.3900   -101.1500    32.10    3.60  1.0000    68.2300      20180713231735.00
   1   2018/07/14   03:05:47.820   17.2900   -101.0200     3.00    2.07  0.2106    15.9800      20171203112622.00
   2   2018/07/14   03:21:17.480   17.1600   -101.0200    38.00    2.54  0.2352    16.5900      20180617024722.00
   3   2018/07/14   04:20:20.940   16.6400   -101.3000    17.10    2.06  0.2068    15.6400      20171217214655.00
   4   2018/07/14   04:22:31.000   17.2600   -100.2300    50.20    3.60  0.8313    57.7800      20180714042231.00
   5   2018/07/14   05:51:19.360   17.3000   -101.0400    38.20    2.23  0.2839    21.3700      20171214054549.00
   6   2018/07/14   06:27:55.780   17.5100   -101.0900     9.10    1.86  0.1998    16.6400      20171207045648.00
   7   2018/07/14   06:28:05.740   17.2600   -101.0800    10.00    2.61  0.2907    21.4200      20180602104053.00
   8   2018/07/14   07:02:52.600   16.7700   -101.7800    16.00    2.43  0.2212    17.0600      20180413074619.00
   9   2018/07/14   09:49:54.520   17.1800   -101.3000     8.20    1.84  0.2800    15.1000      20180817025302.00
  10   2018/07/14   10:25:00.140   16.8000   -100.3800    20.00    2.44  0.3591    22.0400      20180526173109.00
  11   2018/07/14   11:46:46.960   17.2100   -101.1400    42.30    2.31  0.3414    26.3000      20171126040530.00
  12   2018/07/14   11:48:01.000   17.1600   -101.1500    14.00    1.91  0.2499    18.8500      20181113191614.00
  13   2018/07/14   12:49:02.560   16.9300   -100.4800     9.60    2.39  0.2228    16.3700      20171224003744.00
  14   2018/07/14   12:55:01.700   17.2900   -101.0800     8.00    2.68  0.2180    16.0600      20180602104053.00
  15   2018/07/14   14:09:05.160   17.0500   -100.2200    39.10    3.18  0.2711    18.3700      20171224093453.00
  16   2018/07/14   14:23:01.480   16.3600   -100.9400    18.00    2.40  0.1928    15.5400      20171207181936.00
  17   2018/07/14   14:54:26.320   17.0600   -100.6400     7.00    2.24  0.4285    32.6900      20180329211048.00
  18   2018/07/14   15:20:53.140   17.3800   -101.0600    11.20    3.21  0.2430    16.5300      20180801124118.00
  19   2018/07/14   15:21:05.000   16.9500   -100.1600     5.00    3.70  0.9878    67.7200      20180714152105.00
  20   2018/07/14   18:25:36.140   17.2400   -101.0400     6.20    1.71  0.2078    15.5800      20180716135840.00
  21   2018/07/14   18:43:17.340   17.4500   -100.8100     7.80    2.72  0.2060    15.2100      20180728213503.00
  22   2018/07/14   20:08:52.000   17.7100   -101.3800    51.50    3.30  0.9303    62.2100      20180714200852.00
  23   2018/07/14   21:55:29.120   17.7100   -101.3800    51.50    4.21  0.8101    54.1800      20180714200852.00
  24   2018/07/14   22:50:12.580   17.6100   -101.3700    43.20    2.87  0.2073    15.3400      20171216091645.00
   1   2018/07/15   00:10:55.480   17.2600   -101.0200     7.00    0.77  0.2034    15.8300      20171203112622.00
   2   2018/07/15   00:11:11.520   17.2700   -101.4800     3.40    1.29  0.3649    22.6700      20180727102152.00
   3   2018/07/15   00:14:19.720   17.0700   -100.6300     5.80    1.62  0.3062    22.8700      20180826173344.00
   4   2018/07/15   00:57:21.980   17.2300   -101.0800    10.00    2.39  0.1989    15.1500      20180602104053.00
   5   2018/07/15   01:51:42.820   17.1800   -101.3900    10.20    1.94  0.2864    15.8200      20180817025302.00
   6   2018/07/15   03:51:59.460   17.3100   -101.3200    10.00    1.38  0.2821    21.4700      20180709101622.00
   7   2018/07/15   04:30:03.040   17.3700   -101.4600     4.00    2.43  0.2804    19.5100      20180902190224.00
   8   2018/07/15   05:45:02.000   17.1000   -100.3900    44.80    3.20  0.9687    71.1700      20180715054502.00
   9   2018/07/15   05:55:01.020   17.1500   -100.9900    15.00    2.91  0.2946    22.8300      20180713120545.00
  10   2018/07/15   05:55:12.320   17.2500   -101.6300    10.00    3.83  0.2185    15.1000      20180823073727.00
  11   2018/07/15   06:56:19.980   17.4100   -101.1200    17.20    3.51  0.2224    15.8000      20180801124118.00
  12   2018/07/15   08:02:55.460   17.3000   -101.3600     9.00    2.21  0.2778    15.0400      20181009121741.00
  13   2018/07/15   08:07:39.260   17.1300   -100.8200    45.00    2.10  0.2539    19.3700      20180302115419.00
  14   2018/07/15   08:16:46.220   16.8200   -100.0000     7.40    3.57  0.2366    17.0600      20180804003704.00
  15   2018/07/15   08:17:17.800   17.3200   -100.9900     7.00    2.12  0.1982    15.4200      20171203112622.00
  16   2018/07/15   08:31:30.640   17.2400   -100.2300    55.00    2.53  0.2517    17.8900      20180516051012.00
  17   2018/07/15   10:21:09.680   17.0300   -100.6300     7.50    2.41  0.2150    16.3900      20180826040405.00
  18   2018/07/15   10:43:55.440   17.3100   -101.5400     6.00    2.52  0.2652    18.3200      20180823073727.00
  19   2018/07/15   10:59:34.900   17.3100   -101.6000    12.00    2.54  0.4093    28.2700      20180823073727.00
  20   2018/07/15   11:09:22.200   17.0900   -101.1700    20.10    3.01  0.2193    15.7500      20180915055856.00
  21   2018/07/15   13:59:03.620   17.2400   -101.1700    46.30    1.93  0.2635    20.8100      20171126040530.00
  22   2018/07/15   15:02:25.480   17.5400   -101.5400    36.90    3.78  0.2775    19.4900      20180817063231.00
  23   2018/07/15   16:28:24.200   17.2800   -101.6300    10.00    2.41  0.2814    19.4400      20180823073727.00
  24   2018/07/15   18:08:04.180   17.0000   -100.7900     7.00    1.82  0.2144    15.7100      20180608043253.00
  25   2018/07/15   22:32:29.800   17.2400   -101.1000     6.20    1.77  0.1990    15.1000      20180716135840.00
  26   2018/07/15   23:48:07.720   17.2400   -101.4200     1.00    1.11  0.2847    15.4100      20181009121741.00
   1   2018/07/16   01:17:56.400   17.1200   -100.0500    35.70    3.20  0.2480    16.6800      20181003063415.00
   2   2018/07/16   03:39:22.020   17.2400   -101.4200    10.20    1.71  0.3042    17.9500      20180817025302.00
   3   2018/07/16   03:41:16.060   16.8700   -100.4300     5.00    1.94  0.4451    32.1600      20180625132143.00
   4   2018/07/16   04:22:52.380   17.2400   -101.1700    46.30    2.09  0.3599    28.4200      20171126040530.00
   5   2018/07/16   05:34:46.200   17.1900   -100.3500     5.00    1.91  0.2124    15.0500      20180809105016.00
   6   2018/07/16   06:01:20.780   17.3400   -101.6300    14.00    2.44  0.2144    15.1100      20180823073727.00
   7   2018/07/16   06:44:43.980   17.1800   -101.3600     9.00    2.72  0.2869    15.8200      20181009121741.00
   8   2018/07/16   07:41:35.640   17.2900   -101.6700    11.00    3.52  0.2123    15.6900      20180514215426.00
   9   2018/07/16   07:41:43.000   17.2300   -101.6200    15.00    3.70  0.9848    65.9900      20180716074143.00
  10   2018/07/16   07:49:30.600   17.2300   -101.6200    11.00    2.69  0.3289    22.0400      20180716074143.00
  11   2018/07/16   07:49:58.540   17.2900   -101.6700    11.00    2.34  0.2247    16.6000      20180514215426.00
  12   2018/07/16   07:50:05.920   17.2300   -101.6200    15.00    2.61  0.4931    33.0400      20180716074143.00
  13   2018/07/16   07:50:23.980   17.3400   -101.4100     3.00    2.09  0.1934    15.2600      20180204012610.00
  14   2018/07/16   08:21:17.240   17.2300   -101.6200    15.00    2.65  0.2775    18.5900      20180716074143.00
  15   2018/07/16   08:37:52.440   17.2100   -101.4500     7.00    1.92  0.2662    15.3800      20181009120826.00
  16   2018/07/16   08:58:44.160   17.2700   -101.4800     3.40    2.60  0.3964    26.0700      20180727102152.00
  17   2018/07/16   09:07:27.480   17.2800   -101.6000    14.00    2.63  0.2381    16.7800      20180823073727.00
  18   2018/07/16   09:37:22.460   17.2300   -101.6200    15.00    2.52  0.6037    40.4500      20180716074143.00
  19   2018/07/16   10:08:33.100   17.2700   -101.3900    10.20    1.69  0.2626    15.5000      20180817025302.00
  20   2018/07/16   11:05:25.260   17.2800   -101.6000    10.00    2.45  0.2206    15.5400      20180823073727.00
  21   2018/07/16   11:58:55.840   17.4200   -101.3600    33.00    2.48  0.2026    15.0700      20180613103436.00
  22   2018/07/16   12:19:47.440   16.9100   -100.7900     2.00    1.40  0.2161    16.1100      20180608035650.00
  23   2018/07/16   12:40:08.000   16.8600   -100.2100     3.90    3.40  0.9686    64.9200      20180716124008.00
  24   2018/07/16   13:06:50.440   17.5100   -100.9000    60.80    2.40  0.2389    17.5500      20180726070457.00
  25   2018/07/16   13:58:40.000   17.1800   -101.0400     8.20    3.50  0.9321    72.6700      20180716135840.00
  26   2018/07/16   13:58:49.920   17.1600   -101.3900     7.00    3.32  0.2835    16.9400      20181012055646.00
  27   2018/07/16   14:11:42.080   17.1800   -101.0400     8.20    1.69  0.3729    29.0700      20180716135840.00
  28   2018/07/16   14:38:26.360   17.2500   -101.1800    22.00    1.83  0.1971    15.1900      20181113191614.00
  29   2018/07/16   19:08:54.580   17.3900   -101.3300     7.00    2.42  0.2498    17.7100      20181025114119.00
  30   2018/07/16   20:50:23.420   17.2300   -100.9600     1.00    2.09  0.2463    18.9800      20171203112622.00
  31   2018/07/16   20:54:08.600   17.2000   -101.0800     3.00    2.03  0.2131    16.4200      20171203112622.00
  32   2018/07/16   20:57:34.760   17.3200   -100.9900     5.00    2.05  0.2317    17.8500      20171203112622.00
  33   2018/07/16   22:13:23.360   17.2700   -101.1400    29.00    1.88  0.2669    19.6400      20180531063846.00
  34   2018/07/16   23:11:58.420   17.0400   -100.6600     5.70    1.94  0.6324    49.7500      20180721002846.00
   1   2018/07/17   01:09:04.600   17.1500   -101.3000     8.20    2.06  0.2701    16.1500      20180817025302.00
   2   2018/07/17   04:24:23.920   17.4700   -101.5100    13.70    2.83  0.2595    17.9500      20180814135313.00
   3   2018/07/17   06:07:20.860   17.3000   -101.1000    32.20    2.10  0.2247    16.5800      20171214054549.00
   4   2018/07/17   09:16:42.720   17.0700   -101.5600    12.00    2.12  0.2158    15.3800      20180323052743.00
   5   2018/07/17   09:21:46.340   17.2600   -101.0200     9.00    1.95  0.2147    15.9900      20171203112622.00
   6   2018/07/17   09:40:54.800   17.3200   -101.4600    21.00    3.26  0.5978    38.7000      20180504065022.00
   7   2018/07/17   09:49:33.720   17.2400   -101.4800     1.00    2.17  0.2912    16.0000      20181009121741.00
   8   2018/07/17   10:00:28.840   17.4500   -101.3300    10.00    1.90  0.3432    26.6600      20180221154306.00
   9   2018/07/17   10:22:00.460   17.3200   -101.4600    21.00    3.40  0.5734    37.1200      20180504065022.00
  10   2018/07/17   10:28:13.440   17.3200   -101.4600    21.00    2.27  0.2919    18.8900      20180504065022.00
  11   2018/07/17   11:22:07.520   17.2800   -101.0900    16.00    1.74  0.2454    17.9800      20181113191614.00
  12   2018/07/17   11:29:01.260   17.0600   -101.1400    12.10    2.36  0.2320    15.3400      20180915055856.00
  13   2018/07/17   11:49:05.560   17.3200   -101.4600    21.00    3.54  0.5357    34.6800      20180504065022.00
  14   2018/07/17   11:50:36.020   17.3200   -101.4600    21.00    2.53  0.3713    24.0400      20180504065022.00
  15   2018/07/17   11:52:08.240   17.3500   -101.4900    23.00    2.37  0.2635    17.0600      20180504065022.00
  16   2018/07/17   12:19:45.220   17.3200   -101.4600    21.00    3.26  0.5591    36.2000      20180504065022.00
  17   2018/07/17   14:24:06.760   17.3800   -101.5200    25.00    2.45  0.4627    29.9500      20180504065022.00
  18   2018/07/17   14:37:35.440   17.2400   -101.0400    36.20    2.15  0.2974    21.9400      20171214054549.00
  19   2018/07/17   15:15:40.580   17.2500   -101.5100     8.00    2.45  0.2300    15.6800      20180823073727.00
  20   2018/07/17   16:46:17.340   17.3000   -101.3900     7.00    2.27  0.2963    16.2800      20181009121741.00
  21   2018/07/17   16:50:32.500   17.2100   -101.3900     5.00    2.29  0.3044    16.7300      20181009121741.00
  22   2018/07/17   18:03:37.420   17.3700   -101.4600     4.00    2.87  0.5097    35.0400      20180902190224.00
  23   2018/07/17   18:14:17.000   17.2000   -101.0800     9.00    2.01  0.2479    18.4600      20171203112622.00
  24   2018/07/17   18:26:59.280   17.2100   -101.3900     5.00    2.29  0.2958    16.2600      20181009121741.00
  25   2018/07/17   19:05:44.200   17.3000   -101.3900     5.00    2.35  0.2788    15.3200      20181009121741.00
  26   2018/07/17   19:37:00.180   17.2100   -101.3300     6.20    2.08  0.2669    15.9600      20180817025302.00
  27   2018/07/17   19:58:50.120   17.2700   -101.3000     6.20    1.94  0.2809    16.8000      20180817025302.00
  28   2018/07/17   21:25:31.800   17.1800   -101.6000     6.00    2.65  0.2210    15.2600      20171217090333.00
  29   2018/07/17   21:42:04.840   17.1800   -101.3600     9.00    1.93  0.2911    16.8900      20181009120826.00
  30   2018/07/17   21:47:45.320   17.2100   -101.3900     5.00    2.53  0.3411    18.7500      20181009121741.00
  31   2018/07/17   22:40:10.900   17.2700   -101.0400    34.20    2.02  0.2035    15.0100      20171214054549.00
  32   2018/07/17   23:04:27.320   17.5200   -101.6300    30.00    2.40  0.2241    15.0700      20180312150214.00
  33   2018/07/17   23:04:38.380   17.2100   -101.4500     3.00    2.11  0.2798    15.3700      20181009121741.00
  34   2018/07/17   23:07:25.000   17.2400   -100.1300    51.80    3.80  0.8764    65.5300      20180717230725.00
  35   2018/07/17   23:45:46.240   17.2100   -101.3900     5.00    0.98  0.3228    17.7400      20181009121741.00
  36   2018/07/17   23:47:50.680   17.2100   -101.3900     5.00    1.33  0.3523    19.3600      20181009121741.00
   1   2018/07/18   00:00:35.600   16.7600   -100.4500    18.00   -0.54  0.2417    19.0400      20180813183221.00
   2   2018/07/18   01:17:27.720   17.3300   -100.5800    40.00    2.63  0.2242    17.0900      20180108024020.00
   3   2018/07/18   02:35:06.120   16.4300   -101.1100    20.00    2.37  0.2743    20.1200      20180906023815.00
   4   2018/07/18   03:01:05.340   17.1400   -101.3200    12.10    3.67  0.2157    15.2400      20171217105708.00
   5   2018/07/18   03:37:01.000   17.0900   -100.1800    31.10    3.20  0.9583    72.1700      20180718033701.00
   6   2018/07/18   05:20:25.200   16.7800   -100.4300     5.00    1.86  0.3032    17.6100      20180419205910.00
   7   2018/07/18   05:41:20.820   16.8400   -100.4600     1.00    1.80  0.2618    15.2000      20180419205910.00
   8   2018/07/18   07:15:31.580   17.1500   -100.9900    15.00    2.43  0.6160    48.5200      20180713120545.00
   9   2018/07/18   07:17:48.000   17.4400   -101.5900     7.80    3.50  1.0000    60.3000      20180718071748.00
  10   2018/07/18   09:23:49.440   17.4300   -101.5200     4.00    2.65  0.2832    19.6900      20180902190224.00
  11   2018/07/18   12:15:47.000   17.0100   -100.8800    16.60    3.50  1.0000    77.9600      20180718121547.00
  12   2018/07/18   12:18:30.340   17.0100   -100.8800    16.60    1.69  0.2414    18.8200      20180718121547.00
  13   2018/07/18   14:15:26.460   17.1900   -100.3500     5.00    2.23  0.4300    30.3900      20180809105016.00
  14   2018/07/18   15:34:58.920   17.2600   -100.6400    37.70    2.72  0.2114    16.0600      20171213111029.00
  15   2018/07/18   17:28:20.600   17.2500   -101.1200    18.00    1.82  0.2230    16.6100      20181113191614.00
  16   2018/07/18   17:42:50.720   16.9100   -100.5000    26.00    2.59  0.3579    24.0700      20180115125143.00
  17   2018/07/18   18:13:18.540   17.1000   -100.3900    44.80    2.60  0.3573    25.4500      20180715054502.00
  18   2018/07/18   22:23:12.140   17.2700   -101.1400    29.00    1.92  0.3211    22.2400      20180531063846.00
   1   2018/07/19   00:09:23.480   17.2900   -101.4300    19.00    0.95  0.2665    17.4600      20180504065022.00
   2   2018/07/19   00:46:25.880   17.2700   -101.3300     9.00    1.73  0.2645    15.1300      20181009120826.00
   3   2018/07/19   01:07:17.400   17.2400   -101.3900     3.00    2.24  0.2733    15.6400      20181009120826.00
   4   2018/07/19   03:38:12.580   17.1900   -100.3500     5.00    1.97  0.3226    23.6100      20180809105016.00
   5   2018/07/19   04:05:06.900   17.2100   -101.3900     9.00    1.95  0.2817    16.1200      20181009120826.00
   6   2018/07/19   05:30:32.140   17.1800   -101.3900    12.20    2.14  0.2780    16.0700      20180817025302.00
   7   2018/07/19   05:32:12.140   17.1600   -100.3700    36.20    2.39  0.2316    18.1100      20171130230303.00
   8   2018/07/19   05:54:06.400   16.7600   -100.4500    18.00    2.64  0.1894    16.3700      20180813183221.00
   9   2018/07/19   07:56:29.820   17.6200   -101.2100    49.30    2.10  0.1995    16.1800      20171225195732.00
  10   2018/07/19   09:21:31.140   17.2400   -101.0700    32.20    1.98  0.2020    16.5000      20171214054549.00
  11   2018/07/19   09:47:38.000   17.2700   -100.5800    42.00    4.20  0.9403    74.3900      20180719094738.00
  12   2018/07/19   10:13:32.640   16.9400   -100.7900    -2.00    1.68  0.2514    20.0600      20180608035650.00
  13   2018/07/19   11:44:20.420   16.9900   -100.6100     6.00    1.92  0.5180    41.0500      20180604194355.00
  14   2018/07/19   11:57:13.420   16.9900   -100.6100     6.00    1.66  0.3555    28.1700      20180604194355.00
  15   2018/07/19   13:24:31.060   17.3000   -101.3600     5.00    2.42  0.2874    15.0600      20181009121741.00
  16   2018/07/19   14:01:01.540   16.9500   -100.2300    23.50    3.19  0.2295    16.1300      20171230095748.00
  17   2018/07/19   14:02:20.360   16.9100   -100.7600     1.00    2.24  0.1862    15.0300      20180608043253.00
  18   2018/07/19   17:20:41.840   17.1800   -101.3000    12.20    2.46  0.2679    15.4900      20180817025302.00
  19   2018/07/19   17:42:58.980   16.9400   -100.7000     5.00    1.80  0.2041    16.4700      20180608043253.00
  20   2018/07/19   18:23:58.000   17.2400   -101.1700    46.30    2.07  0.3343    26.3800      20171126040530.00
  21   2018/07/19   19:06:03.720   17.3800   -101.5800     1.00    2.47  0.2378    15.3400      20180526132043.00
  22   2018/07/19   20:06:48.120   16.9400   -100.7900     7.00    1.78  0.2040    16.4700      20180608043253.00
  23   2018/07/19   20:57:38.700   17.2100   -101.4200     6.20    1.82  0.2596    15.0100      20180817025302.00
  24   2018/07/19   21:05:52.640   17.1000   -100.6100     7.00    2.34  0.2127    15.9500      20181107192210.00
  25   2018/07/19   21:26:26.600   16.8800   -100.7000     1.00    1.59  0.2162    17.4600      20180608043253.00
  26   2018/07/19   22:30:04.000   17.2900   -100.5200    29.40    3.70  0.8809    71.7800      20180719223004.00
  27   2018/07/19   23:59:17.240   16.9300   -100.9200    19.00   -2.07  0.1992    16.7900      20180418163245.00
   1   2018/07/20   00:11:18.880   16.9300   -100.9200    19.00    0.88  0.2035    16.6700      20180418163245.00
   2   2018/07/20   01:34:39.980   16.9100   -100.2800    12.00    3.13  0.2530    16.8400      20180502221216.00
   3   2018/07/20   02:22:38.840   17.2400   -101.0400    36.20    1.99  0.4096    31.1900      20171214054549.00
   4   2018/07/20   02:36:02.500   17.3000   -101.1400    31.00    2.42  0.3047    21.5100      20180531063846.00
   5   2018/07/20   02:59:24.000   17.3000   -101.1900    31.70    3.50  0.9445    67.4100      20180720025924.00
   6   2018/07/20   03:34:35.620   17.3000   -101.1900    31.70    2.02  0.5146    36.7200      20180720025924.00
   7   2018/07/20   03:55:41.980   17.3000   -101.1900    31.70    2.04  0.3272    23.3500      20180720025924.00
   8   2018/07/20   05:05:06.780   17.3500   -101.1200    13.20    2.56  0.2235    15.4500      20180801124118.00
   9   2018/07/20   05:12:21.900   17.2300   -101.4400    16.10    2.58  0.2878    19.9300      20171208123548.00
  10   2018/07/20   06:46:32.980   17.0600   -100.6100    23.00    2.19  0.2479    18.3100      20180616150312.00
  11   2018/07/20   07:25:03.840   17.2900   -101.1900    22.00    2.22  0.2121    15.8500      20180924181147.00
  12   2018/07/20   10:02:00.160   17.2000   -101.0800     3.00    2.01  0.2114    16.1500      20171203112622.00
  13   2018/07/20   13:54:11.220   17.2900   -101.2900    16.00    2.38  0.6684    46.2200      20180318123711.00
  14   2018/07/20   15:20:34.000   17.1100   -100.9900     8.80    3.50  0.9243    71.6500      20180720152034.00
  15   2018/07/20   20:11:17.340   17.0600   -99.9900    41.70    3.62  0.2993    18.6700      20181003063415.00
  16   2018/07/20   20:30:32.620   17.2300   -101.1100     6.00    1.93  0.2262    16.6600      20180602104053.00
  17   2018/07/20   20:31:48.280   17.2900   -100.9900     7.00    2.32  0.2496    19.0700      20171203112622.00
  18   2018/07/20   20:43:09.460   17.3500   -101.0800    10.00    2.36  0.2243    16.5100      20180602104053.00
  19   2018/07/20   22:40:40.300   17.2700   -101.4500     5.00    1.94  0.2783    15.3400      20181009120826.00
   1   2018/07/21   00:28:46.000   17.0400   -100.6600     5.70    3.50  0.8060    61.6200      20180721002846.00
   2   2018/07/21   00:43:34.000   17.0800   -101.0200    14.70    3.50  0.9126    67.0400      20180721004334.00
   3   2018/07/21   00:46:19.860   17.0800   -101.0200    14.70    2.86  0.6553    48.1400      20180721004334.00
   4   2018/07/21   01:42:02.580   17.1000   -100.3900    44.80    2.29  0.2278    15.5100      20180715054502.00
   5   2018/07/21   02:22:51.780   16.8800   -100.7900     7.00    1.62  0.2198    16.4100      20180608043253.00
   6   2018/07/21   02:40:43.920   17.3000   -101.3500    25.00    2.61  0.2398    17.0700      20180111154537.00
   7   2018/07/21   02:58:45.940   17.2100   -101.1700    42.30    1.97  0.2607    20.0200      20171126040530.00
   8   2018/07/21   06:01:30.720   17.0800   -101.0200    14.70    1.84  0.4628    34.0000      20180721004334.00
   9   2018/07/21   10:03:49.860   17.0600   -100.6300     9.50    2.90  0.7633    56.4500      20180826040405.00
  10   2018/07/21   10:16:28.620   16.8800   -100.7600     1.00    1.40  0.2037    15.2100      20180608043253.00
  11   2018/07/21   11:17:41.180   17.2700   -101.4900     5.00    2.50  0.2310    15.5500      20171214115235.00
  12   2018/07/21   13:57:06.080   17.4800   -101.3900    29.00    3.00  0.2230    15.6400      20180613103436.00
  13   2018/07/21   14:31:42.640   16.7300   -100.4500    16.00    2.42  0.2008    15.5900      20180813183221.00
  14   2018/07/21   15:28:12.000   16.9800   -100.4700    11.90    3.70  0.8962    63.5900      20180721152812.00
  15   2018/07/21   15:46:41.980   16.9800   -100.4700    11.90    1.75  0.3345    23.7400      20180721152812.00
  16   2018/07/21   15:59:22.980   17.1900   -100.3300    11.00    2.37  0.7836    59.8700      20180705214748.00
  17   2018/07/21   17:01:02.020   17.4100   -101.4800     2.80    2.29  0.2331    16.0300      20180929112959.00
  18   2018/07/21   17:02:41.080   17.2400   -101.0400    36.20    3.11  0.3943    30.4900      20171214054549.00
  19   2018/07/21   17:06:20.840   17.4500   -101.4800    37.40    2.15  0.2417    19.0700      20171209150612.00
  20   2018/07/21   19:56:10.420   17.2700   -101.0100    38.20    1.80  0.2015    15.5800      20171214054549.00
  21   2018/07/21   21:58:24.740   17.7200   -100.2200   111.40    3.43  0.3038    21.4400      20180730221016.00
  22   2018/07/21   22:24:18.360   16.8500   -100.3100    14.00    3.29  0.2340    15.1300      20181106015515.00
   1   2018/07/22   00:59:37.580   16.9400   -100.7900     2.00    1.44  0.1943    15.7600      20180608035650.00
   2   2018/07/22   02:59:03.000   17.2800   -101.2000    16.00    2.29  0.2693    18.9600      20180530170231.00
   3   2018/07/22   04:38:43.280   17.4700   -101.5900    11.00    2.61  0.2157    15.0900      20180327103746.00
   4   2018/07/22   05:12:51.280   16.4500   -100.9200    16.00    2.77  0.3201    24.4700      20180624142808.00
   5   2018/07/22   05:47:06.820   16.8200   -100.0000     7.40    3.31  0.4379    32.2800      20180804003704.00
   6   2018/07/22   05:59:02.100   17.2700   -101.2000    13.60    2.58  0.2073    16.1100      20180729232343.00
   7   2018/07/22   06:04:14.080   17.4100   -100.6600    31.00    1.69  0.2462    18.4900      20181111145317.00
   8   2018/07/22   07:06:31.160   17.2700   -101.3000    10.20    1.84  0.2934    15.9000      20180817025302.00
   9   2018/07/22   08:03:46.000   17.1000   -100.4800    29.80    3.80  1.0000    75.1400      20180722080346.00
  10   2018/07/22   08:03:52.240   16.9100   -100.6700     0.00    3.11  0.2077    16.8500      20180608035650.00
  11   2018/07/22   08:40:31.920   17.2700   -101.4200    16.70    1.98  0.1861    15.0400      20171128025004.00
  12   2018/07/22   09:11:03.600   17.1900   -100.9300     7.00    2.22  0.2382    19.0400      20180122013436.00
  13   2018/07/22   10:01:24.300   17.1900   -100.3700    47.00    2.16  0.2290    17.4500      20181023151617.00
  14   2018/07/22   10:46:15.240   17.3000   -101.1900    31.70    2.09  0.4844    35.2500      20180720025924.00
  15   2018/07/22   13:45:26.720   16.9100   -100.6700     0.00    1.55  0.1906    15.4600      20180608035650.00
  16   2018/07/22   14:39:59.000   17.6500   -101.6000    47.20    4.00  0.9803    71.6400      20180722143959.00
  17   2018/07/22   16:09:35.900   17.3200   -100.9900     5.00    2.46  0.2009    15.7400      20171203112622.00
  18   2018/07/22   16:42:08.200   17.2600   -100.6400    37.70    1.97  0.2163    17.9700      20171213111029.00
  19   2018/07/22   17:19:52.440   17.4100   -101.6900     1.00    2.82  0.2407    15.3800      20180312213033.00
  20   2018/07/22   17:20:00.060   17.3500   -101.6100     5.00    2.56  0.2420    15.0000      20180526132043.00
  21   2018/07/22   18:10:52.820   17.0600   -100.6300     9.50    1.83  0.3543    28.1900      20180826040405.00
  22   2018/07/22   20:07:44.140   17.2500   -101.5100    10.00    2.53  0.2278    15.7600      20180823073727.00
   1   2018/07/23   03:07:45.760   17.4100   -101.0000    10.00    2.80  0.2063    15.6200      20180921140842.00
   2   2018/07/23   05:00:20.860   17.2000   -100.9600     5.00    1.99  0.2010    15.3400      20171203112622.00
   3   2018/07/23   05:08:57.220   17.2200   -101.1200    18.00    1.85  0.2326    17.9000      20181113191614.00
   4   2018/07/23   05:54:26.900   16.9100   -100.6700     5.00    1.95  0.2229    18.3300      20180608043253.00
   5   2018/07/23   06:16:09.100   17.2700   -101.3000     8.20    2.12  0.2723    15.1600      20180817025302.00
   6   2018/07/23   06:27:11.220   16.8800   -100.7900     1.00    1.79  0.1847    15.1900      20180608043253.00
   7   2018/07/23   06:46:49.460   17.4800   -101.3900    33.00    2.53  0.2085    15.1700      20180613103436.00
   8   2018/07/23   07:32:35.680   17.2200   -101.1200    20.00    2.25  0.2418    18.6000      20181113191614.00
   9   2018/07/23   09:39:18.180   17.6300   -101.3600    44.00    3.67  0.2626    20.4500      20180502005617.00
  10   2018/07/23   10:14:39.340   17.0000   -100.7000    -2.00    1.79  0.2075    17.3900      20180608035650.00
  11   2018/07/23   11:50:52.000   17.3100   -100.2100    39.90    3.10  1.0000    71.1100      20180723115052.00
  12   2018/07/23   11:51:07.440   17.0000   -100.7600     6.00    2.30  0.1869    15.6700      20180608035650.00
  13   2018/07/23   12:38:04.720   17.2900   -101.2200    46.00    2.35  0.3824    27.2800      20180420070249.00
  14   2018/07/23   12:46:23.240   16.8800   -100.7600     5.00    1.70  0.1840    15.1400      20180608043253.00
  15   2018/07/23   13:06:07.340   17.3500   -101.4900    23.00    2.41  0.2493    17.3200      20180504065022.00
  16   2018/07/23   13:29:28.160   17.3100   -101.6000     6.00    2.68  0.2270    15.5700      20180823073727.00
  17   2018/07/23   13:34:24.360   17.1800   -100.4300    35.30    2.52  0.2602    19.0900      20171226030923.00
  18   2018/07/23   15:04:08.700   17.2400   -101.3600     4.20    1.97  0.2732    15.2100      20180817025302.00
  19   2018/07/23   16:07:03.980   17.4800   -101.2300    43.00    3.28  0.2984    22.1700      20180328004143.00
  20   2018/07/23   16:07:13.280   17.2700   -101.2600     5.60    3.22  0.2001    15.2400      20180729232343.00
  21   2018/07/23   16:22:34.400   17.3200   -101.2500    20.00    2.64  0.2351    16.9600      20180622204614.00
  22   2018/07/23   17:24:59.340   17.4400   -101.0600    17.20    3.50  0.2086    15.3500      20180801124118.00
  23   2018/07/23   23:28:19.100   17.3800   -101.4900    21.00    2.51  0.2809    19.5100      20180504065022.00
  24   2018/07/23   23:33:04.660   17.3000   -101.3600    19.30    2.01  0.2283    15.6600      20180729025851.00
   1   2018/07/24   02:04:22.740   16.9100   -100.7000     9.00    1.80  0.1976    16.4900      20180608043253.00
   2   2018/07/24   02:23:51.660   17.3700   -100.9700    10.00    2.46  0.5954    48.7200      20180906231644.00
   3   2018/07/24   02:32:53.320   17.3800   -101.0000    52.00    2.40  0.2293    18.3800      20180501023259.00
   4   2018/07/24   03:32:14.020   17.2700   -101.3900     3.00    2.40  0.3056    15.0900      20181009121741.00
   5   2018/07/24   04:13:29.000   16.9000   -100.0300     3.00    3.80  0.9425    67.2100      20180724041329.00
   6   2018/07/24   04:15:22.920   17.0400   -100.6600     5.70    2.22  0.5779    47.3700      20180721002846.00
   7   2018/07/24   04:18:35.000   16.9100   -100.0300     1.40    3.80  0.8863    62.3100      20180724041835.00
   8   2018/07/24   07:02:01.960   16.9400   -100.7600     6.00    1.74  0.2061    17.3600      20180608035650.00
   9   2018/07/24   08:43:22.940   17.2400   -101.0400    36.20    1.88  0.2560    20.4600      20171214054549.00
  10   2018/07/24   10:19:28.560   16.9400   -101.7100    16.00    2.28  0.2323    16.9400      20180625172543.00
  11   2018/07/24   11:33:19.000   17.0900   -101.1400    20.10    2.87  0.2542    18.2800      20180915055856.00
  12   2018/07/24   11:43:17.960   17.3700   -101.2400    18.00    3.08  0.2687    20.4500      20180213081543.00
  13   2018/07/24   12:48:15.740   17.0900   -101.1400    20.10    2.33  0.2268    16.3100      20180915055856.00
  14   2018/07/24   16:04:11.040   17.0900   -101.1400    14.10    2.92  0.2341    16.8300      20180915055856.00
  15   2018/07/24   16:10:07.640   17.0900   -101.1400    14.10    2.66  0.2381    17.1200      20180915055856.00
  16   2018/07/24   17:23:44.080   17.0900   -101.1400    20.10    2.49  0.2308    16.6000      20180915055856.00
  17   2018/07/24   17:25:35.920   16.9400   -100.7900     5.00    1.77  0.2045    17.0600      20180608043253.00
  18   2018/07/24   17:35:36.800   16.9400   -100.7900     3.00    1.66  0.2025    16.9000      20180608043253.00
  19   2018/07/24   17:45:40.360   17.0900   -101.1400    20.10    3.57  0.2502    17.9900      20180915055856.00
  20   2018/07/24   18:14:05.720   16.8800   -100.4400    30.00    4.81  0.2129    15.9100      20180115125143.00
  21   2018/07/24   18:22:32.660   17.3100   -101.5700    12.00    2.59  0.2525    16.5500      20180823073727.00
  22   2018/07/24   18:23:52.140   17.2500   -101.5100    12.00    2.66  0.2412    15.8100      20180823073727.00
  23   2018/07/24   18:37:41.400   16.9100   -100.7900     1.00    1.71  0.1801    15.0300      20180608043253.00
  24   2018/07/24   19:12:50.040   16.8800   -100.7600     5.00    1.63  0.1840    15.3600      20180608043253.00
  25   2018/07/24   20:01:37.080   17.2400   -100.4500    50.40    2.83  0.2837    21.3100      20180827200321.00
  26   2018/07/24   20:19:06.900   17.4000   -101.1000    13.00    1.94  0.2471    18.5600      20180505044617.00
  27   2018/07/24   20:30:00.520   17.3400   -101.1300     5.00    1.99  0.2236    16.7900      20180505044617.00
  28   2018/07/24   21:41:31.980   17.3100   -101.5400     6.00    2.54  0.2391    15.6800      20180823073727.00
  29   2018/07/24   23:12:30.340   17.2500   -101.2000    12.00    1.93  0.2191    15.5100      20180530170231.00
   1   2018/07/25   03:04:53.100   17.2100   -100.4200    21.00    1.92  0.4402    33.7500      20180126170817.00
   2   2018/07/25   06:20:37.720   17.2400   -101.1700    46.30    1.78  0.3455    26.6600      20171126040530.00
   3   2018/07/25   07:47:35.520   16.9400   -100.7000     3.00    1.80  0.1849    15.1700      20180608043253.00
   4   2018/07/25   07:55:07.240   16.8800   -100.7600     5.00    1.76  0.2858    23.4400      20180608043253.00
   5   2018/07/25   08:06:03.840   17.0000   -100.7900     7.00    1.69  0.1868    15.3200      20180608043253.00
   6   2018/07/25   08:58:52.320   17.3600   -101.5700     1.40    2.68  0.2736    16.8800      20180727102152.00
   7   2018/07/25   14:49:44.440   17.2900   -101.2900    16.00    3.65  0.8459    57.0300      20180318123711.00
   8   2018/07/25   15:10:03.200   17.1800   -101.3600     5.00    1.88  0.3039    15.7600      20181009120826.00
   9   2018/07/25   15:19:50.200   17.3200   -100.9600     9.00    2.21  0.2126    16.2400      20171203112622.00
  10   2018/07/25   15:33:38.460   17.2900   -101.2900    16.00    1.94  0.4705    31.7200      20180318123711.00
  11   2018/07/25   18:23:51.140   16.8800   -100.6700     9.00    1.50  0.1861    15.2600      20180608043253.00
  12   2018/07/25   20:09:22.500   16.9700   -100.6700     1.00    1.45  0.1936    15.8800      20180608043253.00
  13   2018/07/25   21:15:05.600   17.0000   -100.7600     5.00    1.66  0.1927    15.8100      20180608043253.00
  14   2018/07/25   21:15:47.460   16.8800   -100.6700     1.00    1.66  0.1843    15.1100      20180608043253.00
  15   2018/07/25   21:19:29.280   16.9700   -100.7600     5.00    1.70  0.1908    15.6500      20180608043253.00
  16   2018/07/25   21:31:42.840   16.9400   -100.7300     1.00    1.67  0.1882    15.4400      20180608043253.00
  17   2018/07/25   22:47:26.020   17.3500   -101.0000     9.00    2.84  0.1881    15.3300      20180524090333.00
  18   2018/07/25   22:47:32.320   17.2800   -101.3200    10.00    2.29  0.1916    15.3800      20180709101622.00
  19   2018/07/25   22:47:41.340   17.1500   -101.3300     8.20    2.61  0.3299    18.2500      20180817025302.00
   1   2018/07/26   00:57:04.000   16.9300   -100.3700    24.00    3.20  0.9610    68.7900      20180726005704.00
   2   2018/07/26   01:27:41.400   17.3100   -100.7800    34.70    2.33  0.2408    18.7900      20181026205705.00
   3   2018/07/26   03:14:39.480   16.8800   -100.6700     7.00    1.62  0.1909    15.9400      20180608043253.00
   4   2018/07/26   05:23:09.240   17.2800   -101.6300    12.00    2.76  0.2155    15.3400      20180823073727.00
   5   2018/07/26   06:24:35.340   17.1200   -100.2000    48.00    3.24  0.2626    20.7700      20180203001452.00
   6   2018/07/26   07:04:57.000   17.5100   -100.9000    64.80    3.40  0.9708    81.4300      20180726070457.00
   7   2018/07/26   07:05:09.360   16.5200   -101.1000    12.00    2.44  0.1806    15.0700      20180313213048.00
   8   2018/07/26   07:09:06.940   17.5100   -100.9000    64.80    2.21  0.2721    22.8200      20180726070457.00
   9   2018/07/26   09:14:32.000   16.9600   -100.0100     5.40    3.60  0.9207    72.5200      20180726091432.00
  10   2018/07/26   11:32:44.260   17.2800   -101.6000     8.00    2.55  0.2418    17.2100      20180823073727.00
  11   2018/07/26   14:33:23.000   17.2500   -101.5100    12.00    2.63  0.2433    17.3200      20180823073727.00
  12   2018/07/26   15:06:50.360   17.2400   -101.1700    48.30    2.15  0.2906    23.3400      20171126040530.00
  13   2018/07/26   15:29:56.540   17.7000   -101.1800     1.00    3.62  0.1817    15.0200      20171201025049.00
  14   2018/07/26   15:30:06.260   17.1400   -101.0500    10.80    2.76  0.2216    18.0000      20180720152034.00
  15   2018/07/26   17:04:00.220   16.9100   -100.4200    10.00    3.27  0.6305    43.1600      20180701051230.00
  16   2018/07/26   17:05:11.180   16.9100   -100.4200    10.00    2.45  0.3554    24.3300      20180701051230.00
  17   2018/07/26   17:26:56.000   17.1500   -100.4300    49.20    3.40  0.9502    78.5200      20180726172656.00
  18   2018/07/26   18:30:50.160   16.9400   -100.1400     5.00    3.73  0.2788    21.4700      20180523233122.00
  19   2018/07/26   19:24:55.120   17.5500   -101.2400    51.70    3.57  0.2087    15.7200      20171202061710.00
  20   2018/07/26   19:25:16.580   17.2100   -101.3600     9.00    2.98  0.2922    15.6000      20181009121741.00
  21   2018/07/26   20:13:58.700   17.0100   -100.4000    21.20    2.39  0.4513    36.3100      20180930032804.00
  22   2018/07/26   21:26:50.380   17.2000   -101.0800     3.00    2.10  0.2033    16.2900      20171203112622.00
  23   2018/07/26   21:31:21.000   17.3400   -101.4400    27.50    3.60  0.9612    70.4200      20180726213121.00
   1   2018/07/27   00:55:44.760   17.2100   -101.1700    42.30    1.85  0.2363    17.6000      20171126040530.00
   2   2018/07/27   00:59:32.780   17.2100   -101.1700    42.30    1.89  0.3076    22.9100      20171126040530.00
   3   2018/07/27   02:07:31.020   16.8900   -101.5200    16.00    2.67  0.2070    15.3600      20180515232818.00
   4   2018/07/27   03:32:14.820   17.3000   -101.5100     3.40    4.38  0.7491    46.5300      20180727102152.00
   5   2018/07/27   03:34:07.580   17.2700   -101.4800     3.40    2.63  0.2583    16.0400      20180727102152.00
   6   2018/07/27   03:39:52.440   17.3000   -101.4800     7.40    2.54  0.2842    17.6500      20180727102152.00
   7   2018/07/27   03:43:23.320   16.9700   -100.6500    13.00    3.41  0.7830    62.7500      20180613155647.00
   8   2018/07/27   04:08:04.780   17.3000   -101.5100     3.40    2.42  0.4258    26.4500      20180727102152.00
   9   2018/07/27   04:25:30.080   16.9700   -100.6700     1.00    1.69  0.2002    15.1200      20180608043253.00
  10   2018/07/27   04:39:18.980   17.3000   -101.5100     1.40    2.53  0.3136    19.4800      20180727102152.00
  11   2018/07/27   05:10:57.020   17.3000   -101.5100     3.40    3.20  0.7354    45.6800      20180727102152.00
  12   2018/07/27   05:21:37.000   17.2900   -101.2400    15.00    3.50  0.9284    66.6200      20180727052137.00
  13   2018/07/27   06:09:33.360   17.1100   -100.3800    36.00    2.85  0.2196    15.9100      20180608030226.00
  14   2018/07/27   08:34:16.660   17.5700   -101.3500    44.00    2.80  0.4890    35.1700      20180615063312.00
  15   2018/07/27   09:18:52.540   17.0600   -101.1700    12.10    2.00  0.3092    20.8700      20180915055856.00
  16   2018/07/27   10:21:52.020   17.3000   -101.5100     3.40    3.50  0.8241    51.1900      20180727102152.00
  17   2018/07/27   11:27:10.140   17.3000   -101.5100     3.40    2.29  0.2740    17.0200      20180727102152.00
  18   2018/07/27   12:10:26.380   17.2100   -101.4500     1.00    2.13  0.2927    15.2400      20181009120826.00
  19   2018/07/27   12:15:43.620   17.3000   -101.5100     3.40    2.59  0.4642    28.8300      20180727102152.00
  20   2018/07/27   13:33:13.600   17.3300   -101.1700    13.60    2.89  0.2284    16.5000      20180729232343.00
  21   2018/07/27   15:50:37.320   16.9400   -100.7000     1.00    1.66  0.2006    15.1500      20180608043253.00
  22   2018/07/27   17:21:42.780   17.3500   -101.4900    23.00    2.72  0.2747    18.1500      20180504065022.00
  23   2018/07/27   18:47:26.840   17.2100   -100.8000    10.70    3.06  0.6950    56.0200      20180729092243.00
  24   2018/07/27   22:03:45.020   16.9700   -100.4700    12.50    3.30  0.7614    57.6300      20180727220345.00
  25   2018/07/27   22:03:52.880   16.8100   -100.4000     9.00    2.62  0.2593    15.6400      20180419205910.00
  26   2018/07/27   23:03:03.000   17.1500   -100.4000    35.20    3.70  0.8147    62.1400      20180727230303.00
  27   2018/07/27   23:03:11.200   16.9500   -100.4300     3.00    3.37  0.2044    15.1000      20171129064841.00
   1   2018/07/28   05:46:35.500   16.8400   -100.4000     1.00    1.84  0.2865    19.9000      20180625132143.00
   2   2018/07/28   06:09:48.920   17.0000   -100.7600     5.00    1.68  0.2150    15.3600      20180608043253.00
   3   2018/07/28   06:12:06.800   16.8400   -100.8300     8.50    2.27  0.2574    19.0900      20181028225256.00
   4   2018/07/28   07:20:05.420   17.0600   -100.6400     7.00    1.91  0.2176    16.3700      20180329211048.00
   5   2018/07/28   07:49:07.000   17.0000   -100.7900     3.00    1.57  0.2308    16.4900      20180608043253.00
   6   2018/07/28   10:33:10.140   16.9100   -100.7300     1.00    1.74  0.2538    18.1400      20180608043253.00
   7   2018/07/28   10:50:33.280   17.0000   -100.7000     7.00    1.54  0.2216    15.8400      20180608043253.00
   8   2018/07/28   16:25:46.720   17.4300   -101.2400    49.70    3.61  0.2246    15.7600      20171202061710.00
   9   2018/07/28   16:25:56.140   17.7200   -101.6700    34.10    3.48  0.3022    21.6800      20180730060110.00
  10   2018/07/28   17:08:03.940   17.0700   -100.6300     5.80    2.10  0.3918    28.6700      20180826173344.00
  11   2018/07/28   21:16:00.000   17.6900   -101.0500    58.80    3.60  0.9619    66.2100      20180728211600.00
  12   2018/07/28   21:35:03.000   17.3900   -100.8400     3.80    3.50  1.0000    67.1600      20180728213503.00
  13   2018/07/28   22:04:00.000   17.3100   -100.1700    10.00    3.80  0.8631    59.9000      20180728220400.00
  14   2018/07/28   22:36:49.280   17.2500   -101.5400    10.00    2.32  0.2492    15.8600      20180823073727.00
  15   2018/07/28   23:35:21.040   16.9000   -100.9200    19.00    2.04  0.2113    16.0000      20180418163245.00
   1   2018/07/29   01:23:52.780   17.4500   -101.4800    35.00    3.14  0.2463    17.0800      20181110233113.00
   2   2018/07/29   01:39:51.000   17.1900   -100.8700    10.00    3.70  0.9236    72.0200      20180729013951.00
   3   2018/07/29   02:54:53.720   17.3200   -100.9600     9.00    2.12  0.3214    23.9400      20171203112622.00
   4   2018/07/29   02:58:51.000   17.3000   -101.4200    23.30    3.40  0.9492    60.8200      20180729025851.00
   5   2018/07/29   03:04:42.580   16.9000   -100.4800     9.60    2.08  0.2413    18.1700      20171224003744.00
   6   2018/07/29   05:09:17.460   17.2000   -100.9600     1.00    2.40  0.2463    18.3500      20171203112622.00
   7   2018/07/29   06:04:40.580   17.6000   -101.3400    46.00    2.33  0.2541    19.4100      20180320232440.00
   8   2018/07/29   09:22:43.000   17.2100   -100.8000    10.70    3.40  0.9402    75.8100      20180729092243.00
   9   2018/07/29   10:33:50.940   16.8100   -100.4300     5.00    1.68  0.2394    16.8900      20180625132143.00
  10   2018/07/29   11:27:57.000   17.3500   -100.8100    32.40    3.90  0.9538    71.1300      20180729112757.00
  11   2018/07/29   11:34:56.820   17.3500   -100.8100    32.40    2.28  0.8917    66.5000      20180729112757.00
  12   2018/07/29   11:59:51.000   17.3200   -100.8200    51.70    3.60  0.9497    70.5600      20180729115951.00
  13   2018/07/29   18:00:44.640   16.9700   -100.0000     7.30    2.90  0.3629    24.9900      20181014123022.00
  14   2018/07/29   19:43:09.520   16.9900   -100.5800     2.00    1.35  0.2042    15.2300      20180604194355.00
  15   2018/07/29   21:01:51.960   16.8900   -99.9900    24.40    2.20  0.2681    18.8600      20180904060625.00
  16   2018/07/29   21:14:02.040   16.8300   -100.1100    25.00    1.88  0.3270    24.5700      20180408184454.00
  17   2018/07/29   21:45:19.460   17.2400   -101.0700    36.20    1.78  0.2731    20.1700      20171214054549.00
  18   2018/07/29   22:22:32.380   17.2100   -100.8000    10.70    2.24  0.7515    60.5900      20180729092243.00
  19   2018/07/29   22:28:43.000   17.3900   -101.1500    24.60    3.60  1.0000    73.4100      20180729222843.00
  20   2018/07/29   23:23:34.840   17.5100   -101.3000    14.00    3.17  0.2131    16.3400      20180221154306.00
  21   2018/07/29   23:23:43.000   17.2700   -101.2000     9.60    3.60  1.0000    71.7200      20180729232343.00
  22   2018/07/29   23:26:48.960   17.2700   -101.2000     9.60    1.50  0.3603    25.8400      20180729232343.00
  23   2018/07/29   23:28:14.720   17.2700   -101.2000     9.60    1.51  0.2491    17.8700      20180729232343.00
  24   2018/07/29   23:35:31.800   17.0200   -101.6200    16.00    2.92  0.8494    62.5600      20180111050309.00
  25   2018/07/29   23:43:43.780   17.0700   -100.6100     3.00    1.68  0.2478    17.5100      20181107192210.00
   1   2018/07/30   00:38:54.880   16.8800   -100.7600     3.00    1.33  0.2051    15.3500      20180608043253.00
   2   2018/07/30   01:17:10.840   16.4500   -100.9200    16.00    2.46  0.4082    31.2900      20180624142808.00
   3   2018/07/30   01:21:18.200   17.1900   -100.3500     5.00    2.68  0.8959    65.2200      20180809105016.00
   4   2018/07/30   01:26:36.100   17.2700   -101.2000     9.60    2.12  0.4061    34.1500      20180729232343.00
   5   2018/07/30   02:01:41.560   16.9000   -100.4300     9.00    1.67  0.2621    16.1800      20180419205910.00
   6   2018/07/30   02:40:24.360   17.1800   -100.2700    35.50    2.16  0.2064    15.2100      20171130134156.00
   7   2018/07/30   04:37:31.860   17.3500   -101.3900    14.00    2.23  0.1964    15.7900      20180823073403.00
   8   2018/07/30   05:15:13.420   17.2400   -101.0700    32.20    2.00  0.2004    16.0900      20171214054549.00
   9   2018/07/30   06:01:10.000   17.7200   -101.6700    34.10    3.70  0.9484    68.9800      20180730060110.00
  10   2018/07/30   06:22:52.340   17.4600   -101.0400    19.20    2.21  0.3680    28.9600      20181031023951.00
  11   2018/07/30   06:42:23.460   17.3800   -101.4200     9.70    2.71  0.1978    15.1100      20180814135313.00
  12   2018/07/30   07:53:24.880   17.2500   -101.6000    10.00    2.53  0.2008    15.1500      20180823073727.00
  13   2018/07/30   07:53:43.360   17.1800   -101.3300     9.00    2.36  0.2173    16.0500      20180416022312.00
  14   2018/07/30   08:29:03.460   17.2800   -101.2000    16.00    2.33  0.3169    21.7600      20180530170231.00
  15   2018/07/30   09:44:39.180   17.1100   -100.4100    40.00    2.51  0.2754    19.6200      20180608030226.00
  16   2018/07/30   10:19:40.640   17.0400   -100.4300    13.60    2.38  0.2052    15.1800      20180822072305.00
  17   2018/07/30   10:40:28.340   17.1900   -100.3500     7.00    1.99  0.2725    19.8400      20180809105016.00
  18   2018/07/30   11:35:45.360   16.8000   -100.3800    20.00    2.46  0.3577    25.1700      20180526173109.00
  19   2018/07/30   11:36:06.560   16.8000   -100.3800    20.00    2.18  0.2931    20.6200      20180526173109.00
  20   2018/07/30   12:34:18.880   17.1900   -100.3500     5.00    1.95  0.3964    28.8600      20180809105016.00
  21   2018/07/30   12:46:55.100   17.3200   -100.8200    51.70    3.14  0.2885    22.0300      20180729115951.00
  22   2018/07/30   15:48:53.820   17.2700   -101.2000     7.60    2.48  0.2027    17.0500      20180729232343.00
  23   2018/07/30   16:28:03.620   17.2300   -101.0300    14.00    1.81  0.1965    15.7100      20180304061321.00
  24   2018/07/30   16:32:18.760   17.1500   -101.3300     4.20    2.11  0.2684    15.6300      20180817025302.00
  25   2018/07/30   19:17:21.080   16.7600   -100.4700    16.50    2.53  0.2372    17.8200      20180919225114.00
  26   2018/07/30   19:30:29.980   17.2100   -101.3000    10.20    1.72  0.2648    15.4100      20180817025302.00
  27   2018/07/30   21:32:21.140   16.3600   -100.7100    16.10    1.91  0.2603    17.9300      20180802125507.00
  28   2018/07/30   22:10:16.000   17.7200   -100.2200   111.40    3.50  1.0000    66.2700      20180730221016.00
   1   2018/07/31   00:02:55.920   17.2100   -101.3900     3.00    0.12  0.3753    17.2300      20181009121741.00
   2   2018/07/31   01:14:39.700   17.2900   -101.2900    16.00    2.07  0.5089    33.0400      20180318123711.00
   3   2018/07/31   09:43:46.460   17.1400   -100.3900    39.00    2.31  0.2330    16.7400      20180612093635.00
   4   2018/07/31   11:30:26.960   17.3700   -100.7400    35.70    2.37  0.2313    18.0800      20171204145236.00
   5   2018/07/31   12:25:18.160   16.8000   -100.1100     6.50    2.91  0.6117    43.1000      20180926160104.00
   6   2018/07/31   14:03:06.940   17.3700   -101.4400    29.00    1.80  0.2333    16.4400      20180614045253.00
   7   2018/07/31   15:29:27.340   17.0900   -101.1700    16.10    2.36  0.2930    19.2200      20180915055856.00
   8   2018/07/31   16:00:53.260   16.9100   -100.6700     9.00    1.51  0.2104    15.7600      20180608043253.00
   9   2018/07/31   17:21:49.580   16.8700   -100.4000     1.00    1.82  0.3429    20.2700      20180419205910.00
  10   2018/07/31   17:25:37.400   16.7800   -100.4000     5.00    1.56  0.3281    19.3900      20180419205910.00
  11   2018/07/31   20:56:28.580   17.4100   -101.7300     4.20    2.59  0.4432    29.2800      20181016191016.00
