   1   2018/06/01   02:04:13.380   17.1500   -100.8600    10.00    1.77  0.5930    43.7800      20180115210508.00
   2   2018/06/01   03:02:10.100   17.2500   -101.5400    12.00    2.46  0.2318    15.6100      20180823073727.00
   3   2018/06/01   03:05:56.740   16.8400   -100.4600     9.00    1.76  0.2541    15.7500      20180419205910.00
   4   2018/06/01   03:25:02.080   17.1600   -101.5000    14.00    1.68  0.2188    15.1600      20180517170951.00
   5   2018/06/01   03:29:19.920   17.2700   -100.8100    40.00    2.18  0.1951    15.0000      20180104155624.00
   6   2018/06/01   03:42:00.720   17.2500   -101.5100    10.00    2.53  0.2250    15.1500      20180823073727.00
   7   2018/06/01   04:15:41.880   17.2800   -101.5700     6.00    2.50  0.2308    15.5400      20180823073727.00
   8   2018/06/01   04:16:04.580   16.9400   -100.7300    -2.00    1.52  0.2201    16.2000      20180608035650.00
   9   2018/06/01   04:37:29.460   17.0800   -101.0200    14.70    1.95  0.4001    30.0600      20180721004334.00
  10   2018/06/01   06:40:23.240   16.8700   -100.4800     5.60    2.45  0.2332    17.3800      20171224003744.00
  11   2018/06/01   08:53:21.400   16.9400   -100.7000     1.00    1.88  0.2235    16.2600      20180608043253.00
  12   2018/06/01   10:11:21.560   17.2900   -101.0200     3.00    1.83  0.2470    19.1500      20171203112622.00
  13   2018/06/01   11:18:13.160   17.2800   -101.5700    10.00    2.24  0.2362    15.9000      20180823073727.00
  14   2018/06/01   12:08:53.560   17.2400   -101.1700    46.30    2.27  0.3160    24.4100      20171126040530.00
  15   2018/06/01   13:06:29.300   17.2400   -101.0400    36.20    1.57  0.3566    27.6100      20171214054549.00
  16   2018/06/01   14:08:54.380   17.2100   -101.1700    42.30    1.74  0.2096    16.1900      20171126040530.00
  17   2018/06/01   16:53:53.640   17.3000   -101.6300    14.00    2.56  0.2250    16.3200      20171217090333.00
  18   2018/06/01   17:34:13.560   17.1500   -101.3000    12.20    1.93  0.2899    15.2400      20180817025302.00
  19   2018/06/01   18:52:47.000   17.4300   -101.4300     0.00    2.52  0.2436    16.4300      20180902190224.00
  20   2018/06/01   19:32:01.540   16.9700   -100.7900     1.00    1.47  0.2128    15.4800      20180608043253.00
  21   2018/06/01   19:35:33.700   17.2100   -101.3300    10.20    1.55  0.2878    15.1400      20180817025302.00
  22   2018/06/01   19:53:36.460   17.7400   -101.3800    51.60    2.01  0.2068    17.2300      20171220063549.00
  23   2018/06/01   20:29:38.420   17.2400   -101.4200     1.00    1.96  0.3093    16.2200      20181009120826.00
  24   2018/06/01   21:07:41.360   17.4300   -101.4900     4.00    2.52  0.2433    16.4200      20180902190224.00
  25   2018/06/01   21:07:49.260   17.2800   -101.6000     8.00    2.45  0.2421    16.3000      20180823073727.00
  26   2018/06/01   21:32:45.920   17.3500   -101.0500    12.00    2.28  0.2041    15.0700      20180602104053.00
  27   2018/06/01   22:09:01.820   17.3400   -101.5700     6.00    2.31  0.2253    15.1700      20180823073727.00
  28   2018/06/01   22:17:22.400   17.2400   -101.4500     1.00    1.78  0.2906    15.2400      20181009120826.00
  29   2018/06/01   22:21:48.680   17.2500   -101.4100     7.00    2.33  0.2132    15.0000      20180204012610.00
  30   2018/06/01   22:34:47.240   16.9000   -100.4600     9.00    1.83  0.2543    15.7700      20180419205910.00
  31   2018/06/01   22:52:28.040   17.7200   -100.2200   111.40    3.52  0.4679    35.0800      20180730221016.00
  32   2018/06/01   23:31:36.200   17.0000   -100.7600     9.00    1.12  0.2152    15.6600      20180608043253.00
  33   2018/06/01   23:33:25.120   17.1900   -100.3500     5.00    1.16  0.4307    30.3900      20180809105016.00
  34   2018/06/01   23:34:08.880   17.4300   -101.4400    28.00    2.96  0.3564    23.6100      20180413075909.00
   1   2018/06/02   00:04:13.100   17.3400   -101.6300     8.00    0.32  0.2411    16.9700      20180823073727.00
   2   2018/06/02   00:08:34.440   16.9700   -100.6700     2.00   -0.27  0.1981    15.8300      20180608035650.00
   3   2018/06/02   00:13:41.020   17.2700   -100.1900    42.00    1.15  0.2451    18.6700      20180529042357.00
   4   2018/06/02   00:47:05.920   17.2200   -101.0600    20.00    1.53  0.1914    15.3000      20181113191614.00
   5   2018/06/02   04:10:48.720   16.9000   -100.4300     1.00    2.62  0.2927    22.2100      20180625132143.00
   6   2018/06/02   05:58:32.280   17.4300   -101.5200     6.00    2.46  0.2024    15.2300      20180902190224.00
   7   2018/06/02   06:03:51.260   16.9000   -100.4800     9.60    1.99  0.2264    17.8000      20171224003744.00
   8   2018/06/02   06:40:01.340   16.9100   -100.6700     7.00    1.57  0.2203    18.2200      20180608043253.00
   9   2018/06/02   06:55:27.980   17.2900   -101.0800    10.00    2.17  0.7451    57.7600      20180602104053.00
  10   2018/06/02   07:14:30.620   17.3500   -101.3200     7.00    2.18  0.1837    15.8500      20181114094750.00
  11   2018/06/02   08:31:19.140   16.7800   -100.5600    13.40    3.23  0.2751    19.9400      20180811105633.00
  12   2018/06/02   08:47:13.000   16.9200   -100.3600     6.00    4.00  0.9719    72.9500      20180602084713.00
  13   2018/06/02   09:18:33.180   17.2400   -101.1700    48.30    2.28  0.2955    23.5500      20171126040530.00
  14   2018/06/02   09:55:41.920   16.9400   -100.3800    19.00    3.11  0.2105    15.2600      20180209161733.00
  15   2018/06/02   10:40:43.360   17.4100   -101.1500     9.20    3.91  0.2165    15.4400      20180801124118.00
  16   2018/06/02   10:40:53.000   17.2900   -101.0800    10.00    3.60  0.9640    74.7400      20180602104053.00
  17   2018/06/02   10:52:51.640   17.1900   -101.4400    11.00    2.07  0.6853    45.4500      20180602153047.00
  18   2018/06/02   10:55:32.460   17.1900   -101.4400    11.00    1.78  0.2620    17.3800      20180602153047.00
  19   2018/06/02   11:01:44.980   17.1900   -101.4400    11.00    2.16  0.7265    48.1800      20180602153047.00
  20   2018/06/02   11:02:02.980   17.1900   -101.4400    11.00    1.95  0.5468    36.2600      20180602153047.00
  21   2018/06/02   11:03:14.820   17.1900   -101.4400    11.00    1.80  0.3542    23.4900      20180602153047.00
  22   2018/06/02   11:26:18.880   17.2900   -101.0800    10.00    1.96  0.5219    40.4600      20180602104053.00
  23   2018/06/02   11:30:20.580   17.2500   -100.3000    45.30    2.64  0.2370    17.5400      20180901082220.00
  24   2018/06/02   11:30:27.740   16.9600   -100.3100    10.70    2.75  0.2151    15.1000      20180811133305.00
  25   2018/06/02   11:45:38.640   16.9700   -100.7600     2.00    2.36  0.2167    17.3300      20180608035650.00
  26   2018/06/02   13:00:31.620   16.9100   -100.5200     2.20    2.43  0.2486    18.0100      20171207111454.00
  27   2018/06/02   13:48:43.720   16.9700   -100.7300     5.00    1.77  0.2042    16.8900      20180608043253.00
  28   2018/06/02   14:33:37.000   16.9100   -100.3400    10.00    3.40  0.9161    63.3200      20180602143337.00
  29   2018/06/02   14:53:17.440   17.0200   -100.0600     5.00    2.88  0.1961    15.0600      20171125065703.00
  30   2018/06/02   15:30:31.840   17.4900   -101.1800    55.70    4.46  0.2013    15.3800      20171202061710.00
  31   2018/06/02   15:30:47.000   17.1900   -101.4400    11.00    3.80  0.9158    60.7400      20180602153047.00
  32   2018/06/02   15:33:11.260   17.1900   -101.4400    11.00    1.82  0.4322    28.6700      20180602153047.00
  33   2018/06/02   15:33:36.940   17.1700   -101.4300    16.00    1.99  0.3404    23.2800      20180602154028.00
  34   2018/06/02   15:40:28.000   17.1700   -101.4300    16.00    3.70  0.8022    54.8600      20180602154028.00
  35   2018/06/02   15:46:31.560   17.4600   -101.6000    11.00    3.00  0.6935    47.9500      20180329160943.00
  36   2018/06/02   16:22:25.420   16.9700   -100.6700     3.00    1.58  0.1903    15.7400      20180608043253.00
  37   2018/06/02   16:40:25.660   16.8400   -100.4600     7.00    1.75  0.1979    15.0100      20180625132143.00
  38   2018/06/02   16:41:19.400   17.3900   -101.0000    54.00    1.69  0.2563    20.1400      20180525211908.00
  39   2018/06/02   19:09:37.920   16.9800   -100.4700    11.90    1.97  0.3881    30.4200      20180721152812.00
  40   2018/06/02   19:17:34.640   16.9400   -100.6700     3.00    2.36  0.2114    17.4800      20180608043253.00
  41   2018/06/02   19:55:46.540   17.4700   -101.5900    11.00    2.61  0.2800    18.6200      20180327103746.00
  42   2018/06/02   20:36:01.820   16.8800   -100.7600     7.00    1.74  0.1900    15.7100      20180608043253.00
  43   2018/06/02   21:11:14.000   16.9000   -100.0700    10.00    3.90  0.9317    66.2200      20180602211114.00
  44   2018/06/02   21:59:35.520   16.9700   -101.7100    20.00    2.41  0.2101    15.0700      20180625172543.00
  45   2018/06/02   21:59:42.000   17.0100   -101.5600    18.00    2.42  0.2279    15.3700      20180323052743.00
  46   2018/06/02   22:35:28.020   17.2400   -101.3600     4.20    1.86  0.2795    15.0800      20180817025302.00
  47   2018/06/02   23:23:28.340   17.6200   -101.1800    55.30    2.26  0.1886    15.6800      20171225195732.00
  48   2018/06/02   23:23:36.020   17.2200   -101.1200    18.00    2.76  0.4710    37.6400      20181113191614.00
   1   2018/06/03   00:54:00.400   17.2900   -101.0500     9.00    1.89  0.1941    15.7700      20171203112622.00
   2   2018/06/03   02:49:34.120   17.4200   -101.5300    32.00    2.45  0.2620    18.4700      20180614043913.00
   3   2018/06/03   02:55:20.580   17.2500   -101.5400    12.00    2.44  0.2101    15.4500      20180823073727.00
   4   2018/06/03   03:11:07.120   17.2100   -101.4200     5.00    2.21  0.2454    15.5800      20181009121741.00
   5   2018/06/03   03:27:38.140   17.5300   -101.2900    52.00    2.43  0.2297    16.9900      20180630212448.00
   6   2018/06/03   06:43:04.940   17.4600   -101.6300    34.00    3.52  0.2349    16.6900      20180312150214.00
   7   2018/06/03   06:43:13.600   17.1800   -101.4500     7.00    3.00  0.2882    18.5300      20181009120826.00
   8   2018/06/03   10:25:22.000   16.8400   -100.0200     3.00    3.50  0.9073    52.6000      20180603102522.00
   9   2018/06/03   10:38:35.580   16.9400   -100.7000     9.00    1.62  0.1999    16.2900      20180608043253.00
  10   2018/06/03   10:41:55.500   16.8600   -101.5500    16.00    2.44  0.2544    18.9500      20180515232818.00
  11   2018/06/03   10:42:01.900   17.2500   -101.6000     8.00    2.46  0.2140    15.7400      20180823073727.00
  12   2018/06/03   12:16:22.580   16.8900   -101.5700    16.00    2.24  0.2133    15.7700      20180515072042.00
  13   2018/06/03   13:26:13.140   17.0900   -100.2400    10.00    3.26  0.2063    15.0100      20180803133617.00
  14   2018/06/03   15:33:12.200   17.3900   -101.0000    54.00    1.89  0.2308    18.1700      20180525211908.00
  15   2018/06/03   16:37:15.000   17.2500   -101.5100    10.00    2.50  0.2142    15.7600      20180823073727.00
  16   2018/06/03   17:12:06.200   17.2100   -101.3600     4.20    1.79  0.2719    16.4500      20180817025302.00
  17   2018/06/03   17:39:28.860   17.1600   -101.1500    14.00    1.75  0.1950    15.9300      20181113191614.00
  18   2018/06/03   18:01:34.560   17.0000   -100.7600     9.00    1.87  0.1926    15.7000      20180608043253.00
  19   2018/06/03   19:00:08.120   17.1500   -101.3900     8.20    2.01  0.2686    16.2500      20180817025302.00
  20   2018/06/03   19:44:28.440   17.1900   -100.3500     5.00    2.28  0.6427    49.0500      20180809105016.00
  21   2018/06/03   20:18:52.800   16.8800   -101.5300    16.10    2.48  0.2113    16.2900      20171229143047.00
  22   2018/06/03   20:48:30.280   17.3100   -101.2100    16.00    2.32  0.3361    25.0100      20180213081543.00
  23   2018/06/03   20:56:11.960   17.2100   -101.1700    42.30    1.86  0.1986    16.1000      20171126040530.00
  24   2018/06/03   22:01:21.260   17.3900   -101.1800    24.60    3.55  0.2011    15.5100      20180729222843.00
  25   2018/06/03   22:01:29.000   17.3200   -101.3000    10.00    3.80  0.9582    73.4000      20180603220129.00
  26   2018/06/03   22:07:04.880   17.4200   -101.2100    20.60    2.87  0.1949    15.0300      20180729222843.00
  27   2018/06/03   22:07:13.380   17.3200   -101.3000    10.00    3.05  0.8367    64.0900      20180603220129.00
  28   2018/06/03   22:15:55.640   17.0400   -100.6600     5.70    1.77  0.2157    18.4000      20180721002846.00
  29   2018/06/03   23:03:24.780   17.2700   -101.3000    10.20    1.67  0.2894    17.5100      20180817025302.00
  30   2018/06/03   23:08:05.140   17.3700   -101.4600     4.00    2.74  0.2286    17.3300      20180902190224.00
  31   2018/06/03   23:35:15.000   16.9700   -100.7000     5.00    0.94  0.1924    15.6800      20180608043253.00
   1   2018/06/04   00:01:37.000   16.9200   -100.0700    10.00    3.50  0.8872    62.2400      20180604000137.00
   2   2018/06/04   02:26:15.280   16.8900   -101.5700    16.00    2.29  0.2566    17.1200      20180515072042.00
   3   2018/06/04   02:30:44.000   16.9200   -100.3500    32.00    3.50  0.9764    71.6400      20180604023044.00
   4   2018/06/04   03:23:11.000   17.1700   -100.3900    40.00    3.50  0.9604    67.0200      20180604032311.00
   5   2018/06/04   03:23:19.660   16.8400   -100.5400     5.60    3.06  0.1972    15.7400      20171224003744.00
   6   2018/06/04   03:41:06.660   16.8900   -101.5700    16.00    2.32  0.4176    27.8600      20180515072042.00
   7   2018/06/04   04:20:33.380   17.1900   -100.3500     5.00    1.90  0.2833    20.4300      20180809105016.00
   8   2018/06/04   07:04:44.820   17.2800   -101.0900    20.00    1.61  0.2220    16.1200      20181113191614.00
   9   2018/06/04   08:59:29.860   17.2600   -101.0800     8.00    2.29  0.2212    15.5900      20180602104053.00
  10   2018/06/04   10:08:33.560   17.5300   -100.9800    49.00    2.30  0.2273    16.3500      20171215155556.00
  11   2018/06/04   12:14:08.680   16.9000   -100.4300     7.00    2.06  0.3051    18.7000      20180419205910.00
  12   2018/06/04   12:43:06.900   17.3600   -101.5800     1.00    2.52  0.2643    16.4100      20171214115235.00
  13   2018/06/04   16:08:01.860   16.8700   -100.0400     2.00    2.77  0.6363    44.7300      20180607160540.00
  14   2018/06/04   18:00:34.300   16.5200   -100.9000    16.00    2.08  0.2925    21.6400      20180121190154.00
  15   2018/06/04   18:48:25.820   16.8500   -100.2600     7.00    2.57  0.5351    35.7300      20180604185830.00
  16   2018/06/04   18:48:32.720   16.8400   -100.4900     3.00    2.06  0.2739    16.7900      20180419205910.00
  17   2018/06/04   18:58:30.000   16.8500   -100.2600     7.00    3.40  0.8509    56.8100      20180604185830.00
  18   2018/06/04   18:58:37.560   16.8400   -100.4600     1.00    2.82  0.2747    16.8400      20180419205910.00
  19   2018/06/04   19:39:10.660   16.9900   -100.6100     6.00    2.16  0.6615    49.6200      20180604194355.00
  20   2018/06/04   19:43:55.000   16.9900   -100.6100     6.00    3.60  0.7877    59.0800      20180604194355.00
  21   2018/06/04   19:45:34.540   16.9900   -100.6100     6.00    1.80  0.2170    16.2800      20180604194355.00
  22   2018/06/04   19:53:50.400   17.0200   -100.6100     8.00    1.61  0.2037    15.2800      20180604194355.00
  23   2018/06/04   19:56:20.820   16.9600   -100.6400     4.00    1.55  0.2149    16.1200      20180604194355.00
  24   2018/06/04   20:01:37.320   16.9900   -100.6100     6.00    1.60  0.3999    30.0000      20180604194355.00
  25   2018/06/04   20:07:37.220   16.9900   -100.6100     6.00    1.52  0.2802    21.0200      20180604194355.00
  26   2018/06/04   20:30:01.200   16.9900   -100.6100     6.00    1.53  0.2032    15.2400      20180604194355.00
  27   2018/06/04   20:33:57.340   16.9900   -100.6100     6.00    1.55  0.2827    21.2100      20180604194355.00
  28   2018/06/04   20:59:17.420   16.4000   -100.8400     3.80    2.48  0.2900    20.8100      20180825005107.00
  29   2018/06/04   21:13:16.680   16.9900   -100.6100     6.00    1.66  0.2950    22.1300      20180604194355.00
  30   2018/06/04   22:50:41.980   16.5000   -100.0500     2.00    3.13  0.5045    34.8000      20180605020813.00
  31   2018/06/04   22:51:48.280   16.5000   -100.0500     2.00    2.81  0.2576    17.7700      20180605020813.00
  32   2018/06/04   22:53:17.480   16.5000   -100.0500     2.00    2.89  0.4799    33.1000      20180605020813.00
   1   2018/06/05   00:12:51.880   16.7800   -100.4300     1.00    0.89  0.2192    15.1000      20180419205910.00
   2   2018/06/05   00:24:13.500   16.9600   -100.6700     2.00    0.89  0.1655    15.6200      20180604194355.00
   3   2018/06/05   00:26:15.340   17.2500   -101.2000    14.00    1.94  0.2545    21.2600      20180530170231.00
   4   2018/06/05   00:26:22.200   16.9900   -100.6100     6.00    1.23  0.4716    44.5000      20180604194355.00
   5   2018/06/05   00:36:26.440   17.3400   -101.5700     8.00    2.18  0.2115    16.3600      20180823073727.00
   6   2018/06/05   00:45:29.260   16.8800   -100.7900     5.00    1.37  0.1579    16.0000      20180608043253.00
   7   2018/06/05   01:38:40.100   17.2700   -101.2600    13.60    2.22  0.1767    15.4500      20180729232343.00
   8   2018/06/05   01:50:02.180   17.3000   -101.3900    30.00    2.30  0.2647    19.7500      20180605040434.00
   9   2018/06/05   01:50:08.320   17.2400   -101.4200    26.00    2.30  0.5419    40.4400      20180605040434.00
  10   2018/06/05   01:51:49.160   17.2400   -101.4200    26.00    2.10  0.5138    38.3500      20180605040434.00
  11   2018/06/05   01:52:37.160   17.2400   -101.4200    26.00    2.01  0.2100    15.6700      20180605040434.00
  12   2018/06/05   01:59:33.160   17.1800   -101.4200    10.20    1.81  0.2607    15.7700      20180817025302.00
  13   2018/06/05   02:08:13.000   16.5000   -100.0500     2.00    3.50  0.9430    74.4100      20180605020813.00
  14   2018/06/05   02:44:55.780   17.2300   -101.0600     8.00    1.46  0.1783    16.2600      20180304061321.00
  15   2018/06/05   02:53:18.020   17.4900   -101.2400    57.70    3.52  0.1796    15.4600      20171202061710.00
  16   2018/06/05   02:53:34.680   17.2500   -101.6000    12.00    2.93  0.2139    16.5400      20180823073727.00
  17   2018/06/05   03:01:44.640   17.5100   -101.3300     8.00    2.07  0.1792    16.3800      20180221154306.00
  18   2018/06/05   03:01:54.400   17.3100   -101.1700    16.00    2.35  0.2237    18.6900      20180530170231.00
  19   2018/06/05   03:27:58.300   17.4600   -101.6300    30.00    2.45  0.1861    15.0100      20180312150214.00
  20   2018/06/05   03:28:07.340   17.2400   -101.4200    26.00    2.28  0.4895    36.5300      20180605040434.00
  21   2018/06/05   03:35:11.340   16.9100   -100.7000     9.00    1.65  0.2325    23.5500      20180608043253.00
  22   2018/06/05   03:40:20.280   17.4600   -101.2100    51.70    4.18  0.1790    15.4000      20171202061710.00
  23   2018/06/05   03:40:40.000   17.0800   -101.0800    18.00    3.70  0.8175    75.3500      20180605034040.00
  24   2018/06/05   04:04:27.960   17.4200   -101.6100    16.10    3.82  0.2108    16.3800      20181023114618.00
  25   2018/06/05   04:04:34.000   17.2400   -101.4200    26.00    3.60  0.9034    67.4200      20180605040434.00
  26   2018/06/05   04:05:18.040   17.4700   -101.5100    17.70    2.92  0.2180    16.6700      20180814135313.00
  27   2018/06/05   04:05:26.900   17.2400   -101.4200    26.00    2.38  0.5596    41.7700      20180605040434.00
  28   2018/06/05   04:06:32.380   17.2400   -101.4200    26.00    2.28  0.5525    41.2400      20180605040434.00
  29   2018/06/05   04:18:04.860   17.6000   -102.0200    14.00    2.27  0.1979    18.3700      20171214180941.00
  30   2018/06/05   04:23:01.400   17.0500   -100.2800    45.00    2.93  0.1949    16.3800      20180502105649.00
  31   2018/06/05   04:23:11.760   16.4000   -100.6500    21.00    1.65  0.1730    15.5300      20180622041336.00
  32   2018/06/05   04:31:36.180   16.6100   -101.1300     6.00    1.50  0.1661    15.5800      20180313213048.00
  33   2018/06/05   04:43:39.360   17.2400   -101.4200    26.00    2.13  0.2105    15.7100      20180605040434.00
  34   2018/06/05   04:45:03.400   16.9700   -100.7000     0.00    1.72  0.1519    15.2200      20180608035650.00
  35   2018/06/05   05:28:45.900   17.1900   -101.0500    38.00    2.78  0.1814    15.6400      20180617024722.00
  36   2018/06/05   06:19:24.600   16.9100   -100.7600     3.00    1.72  0.1708    17.3000      20180608043253.00
  37   2018/06/05   06:54:46.480   17.0500   -100.2700    48.00    3.13  0.2010    16.4800      20180308063056.00
  38   2018/06/05   06:54:56.320   16.9700   -100.7900     5.00    2.38  0.1500    15.1900      20180608043253.00
  39   2018/06/05   07:28:32.260   17.2600   -101.1200    14.00    2.09  0.2225    18.0600      20180707085704.00
  40   2018/06/05   07:29:47.340   16.9900   -100.5500     4.00    1.59  0.1605    15.1400      20180604194355.00
  41   2018/06/05   07:33:37.600   17.1100   -100.1700    45.50    2.43  0.1589    15.8400      20171215022114.00
  42   2018/06/05   09:12:45.960   17.1400   -100.2000    45.20    3.31  0.2043    18.4700      20171122024922.00
  43   2018/06/05   09:13:00.740   16.9100   -100.6700    -2.00    1.83  0.1498    15.0100      20180608035650.00
  44   2018/06/05   09:26:24.880   17.2100   -101.4200    10.20    1.96  0.2930    17.7300      20180817025302.00
  45   2018/06/05   09:37:08.980   16.9400   -100.7600     3.00    1.57  0.1939    19.6400      20180608043253.00
  46   2018/06/05   09:58:56.200   17.2100   -101.4200     6.20    1.94  0.2779    16.8100      20180817025302.00
  47   2018/06/05   10:15:14.980   17.2000   -100.3600    41.00    2.12  0.1975    17.5600      20180612093635.00
  48   2018/06/05   10:34:40.720   17.1600   -100.0700    10.00    2.00  0.3632    31.8500      20180320034504.00
  49   2018/06/05   11:07:45.300   17.2800   -101.6300    12.00    2.46  0.2292    17.7300      20180823073727.00
  50   2018/06/05   11:09:35.740   16.9400   -100.7000     7.00    1.54  0.1504    15.2400      20180608043253.00
  51   2018/06/05   11:17:37.680   16.8700   -100.0600     5.00    2.01  0.3349    27.5400      20180223121648.00
  52   2018/06/05   12:12:12.460   17.5400   -101.3800    43.40    2.88  0.1809    16.2400      20171217204725.00
  53   2018/06/05   12:12:23.040   17.3200   -101.6100     5.00    2.80  0.2138    15.0400      20180526132043.00
  54   2018/06/05   12:40:42.660   17.1300   -100.2000    43.00    2.69  0.2090    19.5000      20180529080528.00
  55   2018/06/05   13:14:04.420   17.2700   -101.4800     7.00    2.40  0.2703    15.7400      20181009121741.00
  56   2018/06/05   13:53:58.740   16.9400   -100.7900     6.00    1.36  0.1574    15.7700      20180608035650.00
  57   2018/06/05   13:58:10.420   17.1900   -100.0600    47.00    3.16  0.2307    20.3900      20181110022139.00
  58   2018/06/05   14:15:23.460   17.2500   -101.6000     8.00    2.42  0.2469    19.1000      20180823073727.00
  59   2018/06/05   14:24:49.760   16.9100   -100.7300     0.00    1.60  0.1540    15.4400      20180608035650.00
  60   2018/06/05   15:12:51.600   16.9100   -100.7900    -2.00    1.55  0.1719    17.2300      20180608035650.00
  61   2018/06/05   15:28:25.420   17.2400   -101.1400     9.60    2.51  0.2069    18.1000      20180729232343.00
  62   2018/06/05   15:28:32.240   17.2100   -101.3600    12.20    1.96  0.2505    15.1500      20180817025302.00
  63   2018/06/05   15:46:04.880   17.2700   -101.4800     7.00    2.14  0.2628    15.3000      20181009121741.00
  64   2018/06/05   16:18:10.800   16.8800   -100.7000     7.00    1.58  0.1820    18.4400      20180608043253.00
  65   2018/06/05   16:30:55.380   17.3800   -101.0600    15.20    2.81  0.1895    15.7600      20180801124118.00
  66   2018/06/05   16:31:13.940   17.2900   -101.3700    22.00    2.55  0.1832    15.3400      20180128221156.00
  67   2018/06/05   17:09:57.380   17.2300   -100.9900     1.00    2.04  0.1667    15.2700      20171203112622.00
  68   2018/06/05   20:30:25.820   17.2500   -101.6000     8.00    2.70  0.2250    17.4000      20180823073727.00
  69   2018/06/05   21:01:06.000   17.0700   -100.1600    40.00    3.30  1.0000    77.5000      20180605210106.00
  70   2018/06/05   21:01:12.840   16.8900   -100.4200     7.00    2.81  0.2038    18.2700      20180207041557.00
  71   2018/06/05   21:01:20.600   16.9400   -100.7900     7.00    2.03  0.1820    18.4300      20180608043253.00
  72   2018/06/05   21:03:30.540   17.2400   -101.3600     8.20    2.04  0.2509    15.1800      20180817025302.00
  73   2018/06/05   21:50:37.260   17.2900   -101.0200     3.00    2.01  0.1666    15.2600      20171203112622.00
  74   2018/06/05   22:01:25.740   16.8500   -100.2700    10.00    1.97  0.5179    42.9200      20180517142221.00
  75   2018/06/05   22:23:54.320   16.9600   -100.6400     4.00    1.67  0.2182    20.5900      20180604194355.00
  76   2018/06/05   23:52:29.260   16.4500   -101.0300     5.00    1.02  0.2357    22.0500      20180509132117.00
   1   2018/06/06   05:11:56.880   17.4500   -101.3000     8.00    2.36  0.2320    17.2800      20180221154306.00
   2   2018/06/06   07:13:11.200   17.1900   -100.3500     7.00    2.33  0.2696    18.0300      20180809105016.00
   3   2018/06/06   07:45:19.440   16.8600   -101.5800    16.00    2.78  0.2642    18.9800      20180515232818.00
   4   2018/06/06   08:22:33.220   17.2500   -101.5700    14.00    2.87  0.2467    15.7200      20180823073727.00
   5   2018/06/06   11:01:14.540   17.3000   -100.6100    40.00    2.77  0.2510    18.7500      20180108024020.00
   6   2018/06/06   12:25:00.340   17.3200   -101.1500    11.20    2.69  0.2275    15.7700      20180801124118.00
   7   2018/06/06   13:27:39.000   17.3100   -100.7700    27.00    3.50  0.7991    60.2700      20180606132739.00
   8   2018/06/06   14:30:10.000   17.2700   -101.4200     7.00    1.97  0.2884    15.3500      20181009120826.00
   9   2018/06/06   16:59:04.020   17.6300   -101.3500    46.00    3.01  0.2737    19.2300      20180615063312.00
  10   2018/06/06   19:19:00.900   16.9400   -100.7600     0.00    1.44  0.2168    16.5000      20180608035650.00
  11   2018/06/06   19:41:31.340   17.4600   -101.6600    28.00    2.81  0.2378    15.5800      20180312150214.00
  12   2018/06/06   19:41:42.060   17.1500   -101.4200     1.00    2.31  0.3048    16.2200      20181009120826.00
  13   2018/06/06   19:58:35.320   17.2200   -101.5600    12.00    1.30  0.2292    15.1100      20180517170951.00
  14   2018/06/06   22:51:59.880   16.9100   -100.3400    10.00    2.12  0.2472    16.4200      20180602143337.00
  15   2018/06/06   23:04:13.040   17.7200   -100.2200   111.40    3.23  0.2646    17.3600      20180730221016.00
   1   2018/06/07   00:57:59.560   16.9100   -100.3400    10.00    2.27  0.3115    21.8300      20180602143337.00
   2   2018/06/07   01:02:54.360   17.2800   -101.0900    14.00    2.21  0.2260    16.5700      20181113191614.00
   3   2018/06/07   03:04:55.380   16.9000   -100.4800     9.60    2.30  0.2131    16.4000      20171224003744.00
   4   2018/06/07   04:01:16.000   17.0500   -100.0900    40.00    3.60  0.7992    57.7100      20180607040116.00
   5   2018/06/07   04:01:27.400   16.8500   -100.4200    12.00    3.50  0.2285    18.9200      20180813183221.00
   6   2018/06/07   05:12:20.700   17.2700   -101.1700     9.60    3.09  0.2206    15.4600      20180729232343.00
   7   2018/06/07   07:39:54.180   17.3100   -100.8900    40.00    2.77  0.2431    17.8900      20180329222425.00
   8   2018/06/07   11:19:29.640   17.5700   -101.3300    42.00    2.73  0.3006    21.3500      20180502005617.00
   9   2018/06/07   13:30:44.100   17.1400   -100.0100    12.00    2.55  0.4444    31.7400      20180328135710.00
  10   2018/06/07   14:13:04.080   16.9100   -100.3400    10.00    2.30  0.2916    20.4400      20180602143337.00
  11   2018/06/07   16:05:40.000   16.8700   -100.0400     2.00    3.40  0.9674    68.0400      20180607160540.00
  12   2018/06/07   16:10:40.140   17.1600   -101.1500    14.00    2.12  0.2186    16.0300      20181113191614.00
  13   2018/06/07   16:24:20.640   17.2400   -101.1700    46.30    1.83  0.2769    20.5400      20171126040530.00
  14   2018/06/07   17:08:53.480   17.2500   -101.5100    10.00    2.57  0.2488    15.3200      20180823073727.00
  15   2018/06/07   17:24:29.420   17.2700   -101.1400    29.00    2.10  0.5361    36.8700      20180531063846.00
  16   2018/06/07   17:57:27.580   16.7800   -100.6200    21.40    3.27  0.2309    16.1500      20180811105633.00
  17   2018/06/07   18:28:28.180   17.3200   -101.3000    10.00    2.66  0.7555    52.8500      20180603220129.00
  18   2018/06/07   18:57:37.200   17.3200   -101.3000    10.00    1.99  0.5275    36.9000      20180603220129.00
  19   2018/06/07   19:34:08.000   16.3500   -100.3700     5.00    3.60  0.8356    59.4600      20180607193408.00
  20   2018/06/07   19:54:11.400   17.3900   -101.6100     1.00    2.25  0.2768    16.8200      20171214115235.00
  21   2018/06/07   22:25:08.260   16.9700   -100.7300     2.00    1.56  0.5846    45.3800      20180608035650.00
  22   2018/06/07   23:00:15.300   16.9700   -100.7600     5.00    1.51  0.2087    16.3500      20180608043253.00
  23   2018/06/07   23:00:55.620   17.7200   -100.2200   111.40    3.30  0.2730    16.8600      20180730221016.00
  24   2018/06/07   23:08:39.160   17.0800   -101.0200    14.70    2.26  0.5711    43.3700      20180721004334.00
  25   2018/06/07   23:09:42.540   17.0800   -101.0200    14.70    2.19  0.4982    37.8400      20180721004334.00
  26   2018/06/07   23:39:38.880   16.9400   -100.7300     5.00    0.78  0.1996    15.6400      20180608043253.00
   1   2018/06/08   00:10:00.300   17.0800   -101.0200    14.70    0.52  0.2596    19.2300      20180721004334.00
   2   2018/06/08   00:10:35.740   17.2500   -101.5100    10.00    1.78  0.2580    16.0100      20180823073727.00
   3   2018/06/08   00:59:49.960   16.1100   -100.6600    16.00    3.47  0.2439    18.1200      20180224235416.00
   4   2018/06/08   01:03:15.960   16.8800   -100.7000     5.00    1.64  0.2053    15.3900      20180608043253.00
   5   2018/06/08   01:18:41.140   16.9300   -100.4800     7.60    2.12  0.2100    15.4300      20171224003744.00
   6   2018/06/08   01:33:48.860   17.1900   -100.3500     5.00    2.02  0.3024    20.5700      20180809105016.00
   7   2018/06/08   03:02:26.000   17.1100   -100.4100    40.00    3.40  0.8766    58.7000      20180608030226.00
   8   2018/06/08   03:06:25.260   16.9700   -100.7600     3.00    1.75  0.2169    16.2600      20180608043253.00
   9   2018/06/08   03:56:50.000   16.9700   -100.7300     2.00    4.10  0.9355    67.5800      20180608035650.00
  10   2018/06/08   04:27:20.500   16.9400   -100.7300     5.00    1.83  0.4654    34.9000      20180608043253.00
  11   2018/06/08   04:32:53.000   16.9400   -100.7300     5.00    3.90  0.8725    65.4200      20180608043253.00
  12   2018/06/08   04:33:50.060   16.9700   -100.7300     2.00    2.26  0.4420    31.9300      20180608035650.00
  13   2018/06/08   04:50:01.100   16.9400   -100.7300     5.00    1.64  0.3390    25.4200      20180608043253.00
  14   2018/06/08   04:51:44.980   16.8400   -100.4600     5.00    1.87  0.2755    18.9600      20180625132143.00
  15   2018/06/08   08:11:08.660   17.3800   -101.1800    17.20    2.60  0.2204    15.0200      20180801124118.00
  16   2018/06/08   08:19:59.700   17.6300   -101.3800    46.00    2.96  0.3151    20.7100      20180615063312.00
  17   2018/06/08   08:32:54.780   17.1100   -100.4100    40.00    2.65  0.2741    18.3500      20180608030226.00
  18   2018/06/08   08:38:12.560   16.9400   -100.7300     5.00    1.71  0.3126    23.4400      20180608043253.00
  19   2018/06/08   08:52:39.100   16.9400   -100.7300     5.00    1.60  0.4183    31.3600      20180608043253.00
  20   2018/06/08   09:42:23.280   17.3600   -101.2100    24.60    3.27  0.2314    16.8700      20180729222843.00
  21   2018/06/08   10:29:36.780   17.1500   -101.0400    10.20    1.84  0.2161    15.5000      20180716135840.00
  22   2018/06/08   10:34:42.860   16.9400   -100.7600     3.00    1.68  0.2037    15.2700      20180608043253.00
  23   2018/06/08   11:47:47.000   16.9500   -100.0500    23.00    3.20  0.9330    66.1400      20180608114747.00
  24   2018/06/08   11:57:52.860   16.9700   -100.7900     5.00    1.55  0.2134    16.0000      20180608043253.00
  25   2018/06/08   12:03:09.000   17.4300   -101.1200    47.00    3.30  0.9263    64.4800      20180608120309.00
  26   2018/06/08   12:04:41.380   16.9700   -100.7300     2.00    1.48  0.2565    18.5300      20180608035650.00
  27   2018/06/08   12:14:10.260   16.9300   -100.2000     7.00    2.97  0.8316    58.2300      20180307133522.00
  28   2018/06/08   12:19:06.100   17.1400   -101.0200    35.40    1.44  0.2133    16.5900      20171220203245.00
  29   2018/06/08   12:35:56.000   17.0800   -100.3600    41.00    3.40  0.9601    69.6400      20180608123556.00
  30   2018/06/08   13:35:31.440   17.1200   -100.6300    10.70    2.14  0.2634    19.9300      20181023031307.00
  31   2018/06/08   14:26:03.960   17.1700   -100.3900    40.00    2.36  0.2877    19.6700      20180604032311.00
  32   2018/06/08   14:56:45.700   16.8400   -100.1000     5.00    2.22  0.2285    16.0200      20180427191846.00
  33   2018/06/08   14:58:46.220   17.3600   -101.5800     5.00    2.58  0.2518    15.6800      20171214115235.00
  34   2018/06/08   15:06:45.720   16.9400   -100.7300     5.00    1.58  0.2307    17.3000      20180608043253.00
  35   2018/06/08   15:24:38.240   17.5000   -100.9800    51.00    2.59  0.2229    16.3300      20171215155556.00
  36   2018/06/08   16:23:12.000   17.1500   -100.7600    13.30    2.01  0.2105    16.4000      20180925123753.00
  37   2018/06/08   17:37:53.880   16.8800   -100.6700     7.00    1.79  0.2210    16.5700      20180608043253.00
  38   2018/06/08   19:10:56.780   16.2400   -100.9100    12.00    2.32  0.2593    20.9700      20171207181936.00
  39   2018/06/08   21:39:11.940   16.9100   -100.7900     9.00    1.79  0.2171    16.2800      20180608043253.00
  40   2018/06/08   21:59:32.780   16.8500   -101.5300    46.60    2.72  0.2071    15.3200      20171229132449.00
  41   2018/06/08   23:15:03.640   16.9800   -100.1200     7.00    1.92  0.2695    18.7500      20180423013354.00
   1   2018/06/09   04:18:10.500   17.1600   -101.1500    22.00    2.06  0.2340    18.1100      20181113191614.00
   2   2018/06/09   05:30:42.940   17.1800   -100.4000    39.30    2.10  0.2033    16.6100      20171226030923.00
   3   2018/06/09   06:42:33.440   17.4400   -101.5900     7.80    2.46  0.4164    25.7200      20180718071748.00
   4   2018/06/09   09:07:01.240   16.9000   -100.4800     9.60    2.07  0.1962    15.6800      20171224003744.00
   5   2018/06/09   10:23:23.680   16.9400   -100.7000     0.00    1.34  0.1892    15.0500      20180608035650.00
   6   2018/06/09   10:27:28.940   17.3000   -101.5200     3.00    2.61  0.2660    16.7400      20171214115235.00
   7   2018/06/09   11:18:41.260   17.2900   -101.1100    10.00    2.73  0.2235    17.2900      20180602104053.00
   8   2018/06/09   11:52:05.180   17.3100   -100.9000    26.60    3.00  0.2312    19.1100      20171124053651.00
   9   2018/06/09   13:52:33.720   17.3700   -101.4600     4.00    2.68  0.5052    34.3300      20180902190224.00
  10   2018/06/09   14:28:38.140   17.3200   -101.0800    14.00    2.59  0.2510    19.4200      20180602104053.00
  11   2018/06/09   16:30:05.000   17.2500   -100.6500    42.00    3.80  0.9537    76.1900      20180609163005.00
  12   2018/06/09   16:40:39.340   17.0400   -101.5300    18.00    2.32  0.3114    20.4500      20180323052743.00
  13   2018/06/09   18:13:26.680   17.1600   -100.4200    40.80    2.52  0.1889    15.0500      20180715054502.00
  14   2018/06/09   21:51:01.860   16.5200   -100.6800    15.00    1.79  0.2027    15.7500      20180622041336.00
  15   2018/06/09   22:34:22.840   16.9300   -100.3700    24.00    2.45  0.3787    25.9600      20180726005704.00
   1   2018/06/10   04:39:48.760   17.4400   -101.5100     6.80    2.60  0.2523    17.7300      20180929112959.00
   2   2018/06/10   04:57:38.340   16.8700   -100.5800    13.00    3.46  0.1986    15.2700      20180520234613.00
   3   2018/06/10   08:10:18.000   17.3300   -100.4500    31.00    3.80  1.0000    75.2800      20180610081018.00
   4   2018/06/10   08:10:29.980   16.9400   -100.7900     1.00    3.75  0.2036    17.2400      20180608043253.00
   5   2018/06/10   08:26:58.820   17.7400   -101.4500    40.50    3.75  0.3082    21.4200      20181003125724.00
   6   2018/06/10   09:39:25.920   17.3200   -101.3200    13.00    2.49  0.1961    16.1700      20181114094750.00
   7   2018/06/10   10:06:43.320   17.3000   -101.5200     7.00    2.75  0.2295    15.1000      20171214115235.00
   8   2018/06/10   11:32:33.000   16.9700   -100.6700     1.00    1.93  0.1899    16.0900      20180608043253.00
   9   2018/06/10   11:34:55.920   16.9700   -100.6700     7.00    1.87  0.1783    15.1000      20180608043253.00
  10   2018/06/10   13:03:45.540   16.8400   -100.1000     5.00    1.82  0.2398    17.5700      20180427191846.00
  11   2018/06/10   13:05:06.000   17.0000   -101.5800    16.00    4.00  0.9576    74.1900      20180610130506.00
  12   2018/06/10   13:58:19.220   16.8800   -100.2500    10.00    3.15  0.2508    16.5000      20181106015515.00
  13   2018/06/10   15:12:48.880   17.2600   -101.2200    20.00    2.94  0.2118    15.6400      20180924181147.00
  14   2018/06/10   15:17:52.040   17.2900   -101.3500    12.00    2.35  0.3682    25.5200      20180225090733.00
  15   2018/06/10   17:32:03.820   17.0800   -100.3900    35.00    2.52  0.1986    15.2700      20180320120409.00
  16   2018/06/10   17:59:21.460   17.4600   -101.3800    28.00    2.73  0.2278    15.4400      20180413075909.00
  17   2018/06/10   20:17:34.760   17.3000   -101.0400    40.20    3.23  0.2750    20.8500      20171214054549.00
   1   2018/06/11   00:53:43.760   16.8600   -100.8700    20.10    1.84  0.2402    19.9900      20181014033200.00
   2   2018/06/11   01:15:15.720   16.8600   -100.8700    20.10    1.84  0.2756    22.9500      20181014033200.00
   3   2018/06/11   01:15:56.360   16.8600   -100.8700    20.10    1.97  0.3110    25.8900      20181014033200.00
   4   2018/06/11   01:17:56.840   16.8600   -100.8700    20.10    1.62  0.2155    17.9400      20181014033200.00
   5   2018/06/11   02:34:13.540   17.3800   -101.1200    15.20    3.19  0.2501    17.0100      20180801124118.00
   6   2018/06/11   02:34:26.300   17.1500   -101.0400     4.20    2.47  0.1952    15.2100      20180716135840.00
   7   2018/06/11   04:54:31.520   16.8300   -100.9600    14.10    1.91  0.1820    15.1500      20181014033200.00
   8   2018/06/11   10:02:27.000   16.7900   -101.3000    16.00    4.00  1.0000    70.3100      20180611100227.00
   9   2018/06/11   13:16:30.800   17.0600   -100.0500     3.00    3.00  0.2488    15.8100      20180803030006.00
  10   2018/06/11   14:16:34.660   16.9400   -100.7300     3.00    1.69  0.2105    15.9100      20180608043253.00
  11   2018/06/11   15:39:10.740   16.9000   -100.4800     7.60    2.21  0.1989    16.1600      20171224003744.00
  12   2018/06/11   19:02:46.580   17.2200   -101.1200    18.00    2.93  0.5282    41.0600      20181113191614.00
  13   2018/06/11   19:18:44.300   17.3300   -101.4000    15.90    2.14  0.2304    15.8200      20180915145533.00
  14   2018/06/11   19:56:47.320   17.0000   -100.7600     9.00    1.65  0.2103    15.9000      20180608043253.00
  15   2018/06/11   20:24:39.760   16.4900   -101.0200    12.00    2.36  0.1964    15.2600      20180906023815.00
  16   2018/06/11   20:34:51.160   17.3700   -101.5000    29.50    3.14  0.2303    15.1900      20180726213121.00
  17   2018/06/11   22:19:01.720   17.4800   -101.2000    45.00    4.27  0.2167    16.0300      20180328004143.00
  18   2018/06/11   22:19:11.300   17.1400   -100.9300    10.80    3.36  0.2074    16.1200      20180720152034.00
   1   2018/06/12   01:05:17.420   16.7900   -101.3000    18.00    3.59  0.3368    24.0100      20180611100227.00
   2   2018/06/12   03:49:38.000   17.4900   -101.1300    47.00    3.70  1.0000    79.7500      20180612034938.00
   3   2018/06/12   06:22:55.240   16.9400   -100.4700    14.50    2.81  0.2998    21.7100      20180727220345.00
   4   2018/06/12   09:01:52.780   16.9100   -101.5500     9.00    1.96  0.4581    31.3700      20180514004932.00
   5   2018/06/12   09:36:35.000   17.1400   -100.3900    39.00    3.50  1.0000    70.5800      20180612093635.00
   6   2018/06/12   09:36:45.520   17.0000   -100.7900     6.00    2.80  0.2018    15.4600      20180608035650.00
   7   2018/06/12   12:34:38.340   17.5000   -100.9000    50.00    2.31  0.2472    18.0900      20180420202538.00
   8   2018/06/12   12:34:46.180   17.2300   -101.0800    10.00    2.52  0.2394    18.0200      20180602104053.00
   9   2018/06/12   13:12:46.180   17.4600   -101.6600    32.00    2.68  0.2296    15.0600      20180312150214.00
  10   2018/06/12   14:55:21.000   17.2500   -100.3100    55.00    3.60  0.9166    64.6400      20180612145521.00
  11   2018/06/12   15:18:26.000   16.9700   -100.1800     5.00    3.50  0.9459    69.8800      20180612151826.00
  12   2018/06/12   17:28:23.000   17.2000   -100.1600    16.00    3.20  1.0000    62.7300      20180612172823.00
  13   2018/06/12   18:38:07.000   17.0700   -100.9800    16.00    3.80  0.9378    77.3100      20180612183807.00
  14   2018/06/12   18:42:26.000   17.0700   -100.9800    16.00    1.26  0.3441    28.3700      20180612183807.00
  15   2018/06/12   18:43:45.700   17.0700   -100.9800    16.00    1.28  0.3357    27.6800      20180612183807.00
  16   2018/06/12   20:54:22.660   17.2900   -101.0200     1.00    1.89  0.1921    15.1200      20171203112622.00
  17   2018/06/12   21:25:47.620   17.1800   -101.3300     4.20    2.01  0.2916    16.4400      20180817025302.00
  18   2018/06/12   21:34:41.300   17.2700   -101.4200    12.20    1.79  0.2782    15.6800      20180817025302.00
  19   2018/06/12   21:49:07.840   17.1500   -101.3900     8.20    2.02  0.3133    17.6600      20180817025302.00
  20   2018/06/12   22:36:09.500   17.2100   -101.3600    12.20    2.10  0.2760    15.5600      20180817025302.00
  21   2018/06/12   22:42:58.120   17.2800   -101.4400     7.00    2.13  0.3798    25.8600      20180204012610.00
  22   2018/06/12   22:44:37.060   17.2800   -101.5700    10.00    2.46  0.2646    17.3000      20180823073727.00
  23   2018/06/12   23:23:42.280   17.7200   -100.2200   111.40    3.38  0.3854    24.4800      20180730221016.00
  24   2018/06/12   23:34:43.800   16.7700   -100.3200    22.00    1.78  0.3013    19.0900      20180526173109.00
  25   2018/06/12   23:44:55.020   17.3200   -101.4200    10.00    1.24  0.3320    22.7700      20180823073403.00
   1   2018/06/13   00:59:16.000   17.1700   -100.9000    30.00    3.80  0.7990    61.6200      20180613005916.00
   2   2018/06/13   01:15:41.080   17.1000   -101.0100    12.00    2.67  0.2007    15.2900      20180131131742.00
   3   2018/06/13   03:02:06.140   17.2900   -101.6700     9.00    2.36  0.2412    15.5500      20180514215426.00
   4   2018/06/13   03:02:15.280   17.1800   -101.3600     9.00    2.47  0.2976    16.1700      20181009121741.00
   5   2018/06/13   05:23:33.000   17.6000   -101.5900    36.00    3.70  0.9742    69.7700      20180613052333.00
   6   2018/06/13   07:06:32.740   17.5600   -101.3400    42.00    2.79  0.2102    15.5000      20180309053940.00
   7   2018/06/13   10:23:21.100   17.2700   -101.0100    38.20    1.94  0.2366    16.9800      20171214054549.00
   8   2018/06/13   10:34:36.000   17.4200   -101.3900    29.00    3.50  0.8415    60.7500      20180613103436.00
   9   2018/06/13   11:42:08.000   17.1500   -100.1200    54.00    3.40  0.8404    53.8500      20180613114208.00
  10   2018/06/13   13:38:36.700   17.1800   -101.0400    10.20    1.71  0.2196    16.8800      20180716135840.00
  11   2018/06/13   13:43:39.280   17.1200   -100.1700    46.00    3.02  0.2247    15.1000      20180203001452.00
  12   2018/06/13   13:55:50.740   16.9100   -101.5500     9.00    1.89  0.2620    17.4800      20180514004932.00
  13   2018/06/13   15:56:22.700   17.4400   -101.6000     9.00    3.74  0.2438    15.1400      20180312213033.00
  14   2018/06/13   15:56:47.000   16.9700   -100.6500    13.00    3.70  0.9323    72.2900      20180613155647.00
  15   2018/06/13   16:03:09.080   16.9700   -100.6500    13.00    2.36  0.6188    47.9800      20180613155647.00
  16   2018/06/13   16:48:59.900   17.2300   -100.9600     7.00    2.79  0.2174    15.7900      20171203112622.00
  17   2018/06/13   17:17:22.640   17.3600   -101.4300    25.10    2.68  0.2824    21.7500      20171121065832.00
  18   2018/06/13   18:03:22.220   16.9200   -100.3100    16.30    2.43  0.3520    22.3400      20171231095922.00
  19   2018/06/13   18:06:59.440   17.3800   -101.1500    15.20    2.52  0.2315    15.8500      20180801124118.00
  20   2018/06/13   19:05:17.080   16.9700   -100.7900     7.00    2.49  0.2210    16.3800      20180608043253.00
   1   2018/06/14   03:09:41.720   17.3500   -101.0200    12.00    2.00  0.2066    16.4000      20180602104053.00
   2   2018/06/14   03:44:26.600   16.3000   -100.8800    16.00    1.84  0.2158    18.5900      20171207181936.00
   3   2018/06/14   04:16:47.520   17.4700   -101.5900    11.00    2.66  0.2880    20.2100      20180327103746.00
   4   2018/06/14   04:39:13.000   17.3600   -101.4700    30.00    3.50  0.9497    64.6400      20180614043913.00
   5   2018/06/14   04:52:53.000   17.3700   -101.4400    29.00    3.60  1.0000    77.5300      20180614045253.00
   6   2018/06/14   05:00:31.220   17.2200   -101.1200    18.00    1.80  0.2656    21.1600      20181113191614.00
   7   2018/06/14   05:39:57.080   17.2800   -101.6000     8.00    2.75  0.2999    20.3700      20180823073727.00
   8   2018/06/14   05:40:17.800   17.3100   -101.6300    10.00    2.84  0.3459    23.5000      20180823073727.00
   9   2018/06/14   06:02:13.000   16.7100   -100.0300    20.00    3.80  0.8520    50.2400      20180614060213.00
  10   2018/06/14   08:16:34.520   16.8800   -100.6700     5.00    1.62  0.2017    16.1500      20180608043253.00
  11   2018/06/14   09:00:29.380   17.3100   -101.2100    16.00    2.96  0.2721    20.4500      20180213081543.00
  12   2018/06/14   11:12:11.860   16.9800   -100.5200     9.00    2.00  0.2085    16.8300      20180301161423.00
  13   2018/06/14   14:13:47.700   16.9700   -100.0900     3.00    3.17  0.2324    16.3200      20180507041040.00
  14   2018/06/14   15:31:30.580   17.3200   -101.0800     6.00    1.92  0.1999    15.8700      20180602104053.00
  15   2018/06/14   16:42:25.000   17.2700   -101.3900    12.20    1.59  0.2877    15.4800      20180817025302.00
  16   2018/06/14   18:34:21.280   17.1800   -101.3000     6.20    1.51  0.2826    15.2000      20180817025302.00
  17   2018/06/14   18:49:57.040   17.3100   -101.3800    12.00    2.62  0.2058    15.9900      20180709101622.00
  18   2018/06/14   19:02:49.440   17.0700   -100.6100     9.00    2.29  0.2688    19.9100      20181107192210.00
  19   2018/06/14   19:06:41.640   17.2600   -101.0800    10.00    1.63  0.1934    15.3500      20180602104053.00
  20   2018/06/14   22:07:31.940   16.9300   -101.3600    27.00    1.78  0.2190    16.4900      20181105153456.00
  21   2018/06/14   23:04:57.360   16.9200   -100.7600     5.70    2.74  0.2666    21.4200      20181028225625.00
  22   2018/06/14   23:14:16.740   17.7200   -100.2200   111.40    3.37  0.4530    28.7100      20180730221016.00
   1   2018/06/15   00:48:54.640   17.1400   -100.3900    39.00    2.35  0.4926    39.1100      20180612093635.00
   2   2018/06/15   00:49:02.660   16.9800   -100.4200     5.40    2.83  0.2201    17.1800      20181031093145.00
   3   2018/06/15   01:08:13.180   17.2100   -101.0700    34.20    2.38  0.1906    15.2800      20171214054549.00
   4   2018/06/15   01:32:32.180   16.8800   -101.5300    48.60    2.51  0.2883    22.0600      20171229132449.00
   5   2018/06/15   02:12:38.180   16.9700   -100.7300     5.00    1.62  0.1810    15.0700      20180608043253.00
   6   2018/06/15   03:43:51.180   16.9600   -100.4300    16.10    2.23  0.1844    15.8500      20180805133220.00
   7   2018/06/15   06:02:14.980   16.8900   -100.5200     0.00    2.25  0.1983    16.6100      20181111002016.00
   8   2018/06/15   06:33:12.000   17.5700   -101.3500    44.00    3.80  0.9850    74.6200      20180615063312.00
   9   2018/06/15   09:26:08.900   16.9000   -101.3900    31.00    2.08  0.2235    17.4500      20181105153456.00
  10   2018/06/15   12:42:39.960   17.5700   -101.3500    44.00    2.82  0.2485    18.8300      20180615063312.00
  11   2018/06/15   14:32:01.020   17.0000   -100.7000     9.00    1.75  0.1963    16.3400      20180608043253.00
  12   2018/06/15   15:38:52.920   17.0900   -101.1700    20.10    2.20  0.2675    19.8800      20180915055856.00
  13   2018/06/15   16:21:08.100   17.3400   -101.1300     9.00    2.23  0.5262    41.3000      20180505044617.00
  14   2018/06/15   16:27:09.980   17.1700   -100.3300    37.00    2.70  0.2031    16.5700      20180320120409.00
  15   2018/06/15   16:53:22.540   17.4900   -101.4200    36.00    1.96  0.2005    15.1000      20180915115433.00
  16   2018/06/15   18:21:26.760   17.1300   -100.8600    43.00    2.84  0.2050    17.3000      20180501232420.00
  17   2018/06/15   18:35:19.440   16.9900   -100.1200     5.00    2.10  0.4368    33.1800      20180424203520.00
  18   2018/06/15   18:41:15.860   17.6800   -101.4800    41.00    1.58  0.2073    16.3600      20180317053526.00
  19   2018/06/15   19:11:04.400   17.1800   -100.9800     8.20    1.70  0.1972    16.1800      20180716135840.00
  20   2018/06/15   19:57:31.880   16.9400   -100.7900     7.00    1.69  0.1979    16.4700      20180608043253.00
  21   2018/06/15   20:33:15.000   17.3900   -101.3700    11.90    1.86  0.3561    25.7200      20180915145533.00
  22   2018/06/15   21:03:49.160   17.1200   -101.1400    18.10    2.24  0.2449    18.2000      20180915055856.00
  23   2018/06/15   21:30:02.120   17.4100   -101.4800    13.70    2.53  0.2710    18.6200      20180814135313.00
  24   2018/06/15   21:30:54.580   17.1600   -100.0700    10.00    2.30  0.4775    37.6300      20180320034504.00
  25   2018/06/15   21:42:01.560   16.9400   -100.7900     5.00    1.48  0.1812    15.0900      20180608043253.00
  26   2018/06/15   22:11:08.380   17.2400   -101.4500    27.30    2.17  0.2310    15.9100      20180729025851.00
  27   2018/06/15   23:06:04.460   16.8900   -100.3200    19.30    1.83  0.1913    15.1500      20180917013020.00
  28   2018/06/15   23:43:17.420   17.4100   -101.0600     9.20    2.19  0.2046    15.2200      20180801124118.00
  29   2018/06/15   23:43:27.540   17.2100   -101.2500    12.00    1.09  0.1890    15.1700      20180314043800.00
  30   2018/06/15   23:44:16.300   17.4500   -101.1500    24.60    1.70  0.2476    18.8300      20180729222843.00
   1   2018/06/16   00:08:32.820   17.2400   -101.1700    46.30    0.83  0.4001    31.3900      20171126040530.00
   2   2018/06/16   01:42:27.840   17.2600   -101.1900    26.00    2.08  0.2158    16.1800      20180924181147.00
   3   2018/06/16   03:53:00.280   16.9600   -100.8900    17.00    2.47  0.2299    18.4300      20180418163245.00
   4   2018/06/16   04:28:01.440   16.9600   -100.8900    17.00    2.74  0.2623    21.0300      20180418163245.00
   5   2018/06/16   04:35:24.620   16.9600   -100.8900    17.00    2.96  0.2820    22.6100      20180418163245.00
   6   2018/06/16   05:13:05.520   16.9800   -100.0800     6.00    2.15  0.3320    22.6100      20180513043723.00
   7   2018/06/16   10:17:27.240   17.1200   -101.2300    18.10    2.96  0.2136    15.2900      20180915055856.00
   8   2018/06/16   10:23:15.520   17.2300   -100.7600    20.00    3.37  0.4677    36.3900      20180321003805.00
   9   2018/06/16   12:34:43.680   16.2300   -100.8800    20.30    2.80  0.2449    19.5800      20171216144146.00
  10   2018/06/16   13:33:51.000   17.5100   -100.7800    35.00    3.80  0.8905    64.2400      20180616133351.00
  11   2018/06/16   14:18:27.620   17.0500   -100.1500    51.00    2.22  0.2227    15.2100      20180415164427.00
  12   2018/06/16   15:03:12.000   17.0300   -100.6400    27.00    3.60  0.8349    62.4900      20180616150312.00
  13   2018/06/16   15:08:11.000   17.3000   -101.0400    38.20    2.54  0.2692    20.8000      20171214054549.00
  14   2018/06/16   15:09:26.580   17.0300   -100.6400    27.00    2.81  0.6793    50.8500      20180616150312.00
  15   2018/06/16   17:26:49.060   16.9400   -100.7300     5.00    1.77  0.2590    17.7300      20180608043253.00
  16   2018/06/16   17:53:03.360   17.3500   -101.1800    15.20    2.57  0.2152    15.1400      20180801124118.00
  17   2018/06/16   20:02:31.300   16.7800   -100.3700     9.00    2.02  0.2659    15.3400      20180419205910.00
  18   2018/06/16   20:55:41.280   17.2900   -101.0800    32.00    1.74  0.4726    36.3800      20180507124558.00
  19   2018/06/16   21:58:33.020   17.3400   -101.1900     5.00    2.19  0.2072    15.7000      20180505044617.00
  20   2018/06/16   22:59:10.840   17.7200   -100.2200   111.40    3.42  0.2646    17.3400      20180730221016.00
   1   2018/06/17   02:40:50.480   17.2600   -101.0200     8.00    2.52  0.2165    17.8900      20180602104053.00
   2   2018/06/17   02:47:22.000   17.1300   -101.0200    38.00    3.70  0.8791    65.4700      20180617024722.00
   3   2018/06/17   04:49:43.640   17.2300   -101.0800     5.00    2.01  0.1796    15.2100      20171203112622.00
   4   2018/06/17   13:45:10.680   17.1400   -100.3900    39.00    2.03  0.2299    17.5400      20180612093635.00
   5   2018/06/17   14:24:48.840   17.2200   -101.1200    18.00    1.91  0.3363    26.9700      20181113191614.00
   6   2018/06/17   14:50:18.100   17.2400   -101.3500    25.00    2.58  0.1890    15.1100      20180111154537.00
   7   2018/06/17   15:00:20.400   17.5700   -101.3500    44.00    2.69  0.1997    15.2100      20180615063312.00
   8   2018/06/17   15:00:33.000   16.7600   -100.1600     8.00    3.70  0.9297    66.7200      20180617150033.00
   9   2018/06/17   15:44:28.860   17.2100   -101.4200    12.20    2.87  0.2836    15.2200      20180817025302.00
  10   2018/06/17   15:46:24.300   16.7600   -100.1600     8.00    2.81  0.2365    16.9700      20180617150033.00
  11   2018/06/17   16:09:21.780   17.4700   -101.7200     1.00    2.55  0.2041    15.0400      20180510100224.00
  12   2018/06/17   16:12:57.680   16.7100   -100.2600    22.00    2.35  0.3193    21.2800      20180526173109.00
  13   2018/06/17   17:04:38.200   16.3600   -100.8200    16.00    1.91  0.3252    24.9400      20180508142800.00
  14   2018/06/17   18:28:25.880   16.7600   -100.1600     8.00    2.86  0.4669    33.5100      20180617150033.00
  15   2018/06/17   21:24:27.280   16.8600   -101.5800    16.00    2.69  0.3822    27.9000      20180515232818.00
  16   2018/06/17   22:17:22.180   16.9800   -100.0600     5.00    3.00  0.2335    17.2800      20171215020431.00
  17   2018/06/17   22:42:19.140   17.7700   -101.5100    36.50    2.43  0.2164    15.2400      20181003125724.00
  18   2018/06/17   23:02:48.080   17.3200   -101.3200     9.00    2.42  0.2763    23.7600      20181114094750.00
   1   2018/06/18   01:09:46.860   17.2700   -101.1400    44.30    2.04  0.2789    21.4400      20171126040530.00
   2   2018/06/18   02:07:11.920   17.3900   -101.3700    11.90    2.16  0.3725    25.5300      20180915145533.00
   3   2018/06/18   05:20:10.640   17.1100   -100.4100    44.00    2.78  0.2265    16.3500      20180608030226.00
   4   2018/06/18   07:36:41.700   16.9700   -100.7600     4.00    1.52  0.1850    15.1300      20180608035650.00
   5   2018/06/18   09:23:41.160   16.8800   -100.7600     7.00    1.64  0.1994    16.2700      20180608043253.00
   6   2018/06/18   12:12:55.840   16.3600   -100.7100    16.10    3.11  0.3647    26.3500      20180802125507.00
   7   2018/06/18   12:51:49.260   16.4900   -101.0500    14.00    2.27  0.1988    15.3500      20180906023815.00
   8   2018/06/18   12:53:42.700   17.2400   -100.6400    44.00    2.87  0.2103    16.1500      20180108024020.00
   9   2018/06/18   13:15:55.460   17.1000   -100.3900    44.80    2.25  0.2447    18.5100      20180715054502.00
  10   2018/06/18   14:34:23.280   16.3600   -100.8200    18.00    1.95  0.2513    18.7600      20180508142800.00
  11   2018/06/18   15:01:11.620   17.5900   -101.0100     5.50    1.94  0.2065    16.4300      20171214050129.00
  12   2018/06/18   15:01:21.200   17.1200   -101.2300    16.10    2.57  0.2243    15.7800      20180915055856.00
  13   2018/06/18   16:11:33.860   17.1300   -100.2300    43.00    2.97  0.2982    22.6100      20180529080528.00
  14   2018/06/18   17:13:14.620   17.1800   -101.0400    10.20    2.10  0.2269    17.8100      20180716135840.00
  15   2018/06/18   18:34:11.360   16.3600   -100.7100    16.10    1.96  0.3875    28.0000      20180802125507.00
  16   2018/06/18   19:03:59.880   17.3600   -101.3900    33.00    2.18  0.2104    15.4000      20180613103436.00
  17   2018/06/18   19:14:25.360   16.9100   -100.1700     3.00    2.83  0.2237    15.2700      20180426053612.00
  18   2018/06/18   19:14:33.740   16.8400   -100.4600     3.00    1.75  0.3616    19.7900      20180419205910.00
  19   2018/06/18   19:51:19.580   16.8400   -100.4600     3.00    1.63  0.2988    16.3600      20180419205910.00
  20   2018/06/18   20:00:35.560   17.4300   -101.5900    12.20    2.97  0.4798    31.6200      20171229050222.00
  21   2018/06/18   20:37:15.500   16.9000   -100.4800     9.60    2.73  0.2538    19.8000      20171224003744.00
  22   2018/06/18   21:13:48.060   17.1900   -101.1500    16.00    2.14  0.2462    18.8900      20181113191614.00
  23   2018/06/18   21:18:45.520   17.2100   -101.3900     9.00    1.77  0.2834    15.0300      20181009120826.00
  24   2018/06/18   22:50:29.880   17.2900   -101.4300    19.00    2.10  0.2464    16.7700      20180504065022.00
  25   2018/06/18   22:51:14.120   17.2900   -101.4300    19.00    2.39  0.2915    19.8400      20180504065022.00
  26   2018/06/18   23:25:54.860   17.7200   -100.2200   111.40    3.17  0.3153    19.6200      20180730221016.00
  27   2018/06/18   23:33:32.940   16.8400   -100.4000     7.00    1.30  0.3103    16.9800      20180419205910.00
  28   2018/06/18   23:50:12.300   16.8100   -100.4600     5.00    0.35  0.2994    16.3900      20180419205910.00
   1   2018/06/19   00:27:28.160   17.0400   -100.6300     3.80    1.41  0.2243    15.8100      20180826173344.00
   2   2018/06/19   01:12:39.280   17.0000   -100.2100    11.00    3.01  0.2567    16.4600      20180329141049.00
   3   2018/06/19   10:08:10.860   17.1400   -100.9900    31.00    2.98  0.2456    19.3500      20181114195548.00
   4   2018/06/19   11:08:57.600   17.0300   -100.0300    47.40    2.53  0.2529    16.7300      20171215174253.00
   5   2018/06/19   12:35:07.440   17.2700   -101.0100    40.20    1.66  0.2847    20.3600      20171214054549.00
   6   2018/06/19   12:53:51.620   16.9700   -100.7900     1.00    1.37  0.2169    15.0800      20180608043253.00
   7   2018/06/19   14:05:17.400   17.2400   -101.1700    46.30    2.17  0.3745    27.2500      20171126040530.00
   8   2018/06/19   14:37:01.280   16.8100   -100.4600     5.00    1.91  0.3223    16.2500      20180419205910.00
   9   2018/06/19   15:59:59.600   16.9900   -100.4400    15.00    2.53  0.2319    16.0500      20180506213251.00
  10   2018/06/19   17:17:00.660   17.2800   -101.5100    12.00    2.54  0.3063    19.7700      20180823073727.00
  11   2018/06/19   21:23:09.240   17.4400   -101.5100     6.80    2.28  0.4868    31.9500      20180929112959.00
  12   2018/06/19   22:16:39.640   17.2200   -101.1200    18.00    1.56  0.3493    24.2400      20181113191614.00
  13   2018/06/19   23:04:24.700   17.7200   -100.2200   111.40    3.22  0.2144    15.1700      20180730221016.00
   1   2018/06/20   00:12:55.980   17.2000   -101.0500     3.00    0.74  0.2030    15.9700      20171203112622.00
   2   2018/06/20   00:24:23.920   17.2900   -101.2200    46.00    1.25  0.2189    15.9300      20180420070249.00
   3   2018/06/20   00:51:45.140   17.1800   -101.0700    12.20    1.99  0.2115    15.8800      20180716135840.00
   4   2018/06/20   01:02:20.200   17.2700   -101.1400    29.00    1.81  0.2474    17.3400      20180531063846.00
   5   2018/06/20   01:23:04.960   17.0800   -101.0200    14.70    2.08  0.3624    27.4400      20180721004334.00
   6   2018/06/20   01:57:31.320   16.9000   -100.2900     1.00    3.07  0.3974    25.5400      20181016233838.00
   7   2018/06/20   02:45:28.840   17.4700   -101.6100    18.00    2.48  0.5185    37.2000      20180326052349.00
   8   2018/06/20   03:20:54.000   16.9000   -100.5400     3.00    3.60  0.7664    52.7500      20180620032054.00
   9   2018/06/20   03:58:29.020   16.8100   -100.4600     5.00    1.92  0.3115    15.9300      20180419205910.00
  10   2018/06/20   05:25:02.480   17.2900   -101.1100    12.00    1.86  0.2172    15.9100      20180602104053.00
  11   2018/06/20   06:08:11.120   17.2800   -101.1200    20.00    1.70  0.2298    17.3700      20181113191614.00
  12   2018/06/20   08:10:37.000   17.3500   -100.7900    24.00    3.60  0.8815    70.8800      20180620081037.00
  13   2018/06/20   08:28:11.140   16.9000   -100.5400     3.00    2.35  0.5801    39.9300      20180620032054.00
  14   2018/06/20   09:53:55.780   17.1700   -100.3800    40.00    2.47  0.2954    20.7200      20180608030226.00
  15   2018/06/20   10:26:06.000   16.8400   -100.4900     7.00    1.58  0.3136    16.0400      20180419205910.00
  16   2018/06/20   11:41:12.700   17.1000   -100.3900    44.80    2.23  0.2599    18.6500      20180715054502.00
  17   2018/06/20   11:46:26.820   16.9700   -100.6700     5.00    1.45  0.2011    15.1100      20180608043253.00
  18   2018/06/20   12:45:09.740   17.3300   -101.4900     7.00    2.46  0.2906    19.3400      20171214115235.00
  19   2018/06/20   14:08:39.420   16.6600   -100.5600    21.40    3.10  0.2660    18.4600      20180811105633.00
  20   2018/06/20   15:20:58.920   17.1200   -101.1100    12.10    2.46  0.2516    17.7800      20180915055856.00
  21   2018/06/20   17:08:11.940   16.7800   -100.5900    21.40    3.35  0.2259    15.6700      20180811105633.00
  22   2018/06/20   18:32:33.280   16.3500   -100.3700     5.00    2.97  0.7387    51.2900      20180607193408.00
  23   2018/06/20   22:43:29.320   16.3300   -100.9400    12.00    2.33  0.2196    18.7100      20171207181936.00
  24   2018/06/20   22:45:31.060   17.1400   -100.3900    39.00    2.10  0.2404    17.3600      20180612093635.00
  25   2018/06/20   22:51:44.120   16.9800   -100.4900     5.00    1.97  0.2118    16.1000      20180301161423.00
  26   2018/06/20   23:03:52.000   17.5900   -101.0100     5.50    1.86  0.4018    33.7700      20171214050129.00
   1   2018/06/21   02:23:56.320   16.9700   -100.7900     1.00    1.47  0.2176    16.2400      20180608043253.00
   2   2018/06/21   02:54:29.240   16.8800   -100.7000     3.00    1.60  0.2029    15.1400      20180608043253.00
   3   2018/06/21   03:35:10.000   17.1400   -100.3900    46.00    3.30  0.9252    66.6000      20180621033510.00
   4   2018/06/21   03:41:01.540   17.0700   -100.1000    42.00    1.13  0.1987    15.1200      20180528190955.00
   5   2018/06/21   03:59:40.380   17.2900   -101.4900    25.00    2.17  0.2417    16.7500      20180504065022.00
   6   2018/06/21   04:19:34.560   17.2300   -100.4400    47.00    2.84  0.2440    17.3600      20180412193151.00
   7   2018/06/21   04:47:16.880   17.3500   -101.1100    10.00    1.86  0.2022    15.8000      20180602104053.00
   8   2018/06/21   06:47:09.720   17.2500   -101.5400    14.00    2.70  0.2120    15.0100      20180823073727.00
   9   2018/06/21   08:06:52.300   17.5200   -101.1800    49.70    3.19  0.2047    16.0400      20171202061710.00
  10   2018/06/21   08:07:03.580   17.7200   -101.6700    32.10    3.06  0.2799    21.1300      20180730060110.00
  11   2018/06/21   09:42:11.800   16.9000   -100.4900     9.00    1.82  0.3486    18.6900      20180419205910.00
  12   2018/06/21   12:13:18.100   17.2100   -101.3000    10.20    2.11  0.2661    15.3000      20180817025302.00
  13   2018/06/21   12:55:02.880   16.8100   -100.4600     5.00    1.88  0.3438    18.4400      20180419205910.00
  14   2018/06/21   13:02:27.720   16.9300   -100.3700    24.00    2.27  0.3582    24.3800      20180726005704.00
  15   2018/06/21   13:23:41.320   16.3000   -100.8800    16.00    2.25  0.4190    34.2200      20171207181936.00
  16   2018/06/21   14:17:22.980   16.7800   -100.4900     9.00    1.84  0.3096    16.6000      20180419205910.00
  17   2018/06/21   14:51:33.840   17.3100   -101.3000    23.00    2.75  0.2154    15.2800      20181109181128.00
  18   2018/06/21   16:02:38.380   16.8100   -100.4000     1.00    1.99  0.2399    17.1400      20180625132143.00
  19   2018/06/21   19:41:00.540   17.2400   -101.0700    36.20    2.24  0.2446    19.6200      20171214054549.00
  20   2018/06/21   20:47:39.660   17.2400   -101.1700    46.30    2.83  0.6094    48.4900      20171126040530.00
  21   2018/06/21   20:47:46.660   17.3100   -101.5700    12.00    3.00  0.2328    16.4900      20180823073727.00
  22   2018/06/21   21:04:13.100   16.9300   -100.6400     4.00    1.26  0.2173    15.6000      20180604194355.00
  23   2018/06/21   21:51:31.060   17.3200   -101.1800    11.20    3.03  0.2031    15.1600      20180801124118.00
  24   2018/06/21   22:14:51.820   17.1200   -101.0400     6.20    1.86  0.1964    15.1700      20180716135840.00
  25   2018/06/21   23:03:50.000   17.7200   -100.2200   111.40    3.29  0.3383    24.0300      20180730221016.00
  26   2018/06/21   23:27:41.980   17.2900   -101.0500    14.00    1.79  0.2030    15.8600      20180602104053.00
  27   2018/06/21   23:30:29.820   17.3400   -101.6300    14.00    1.92  0.2170    15.3700      20180823073727.00
  28   2018/06/21   23:47:37.280   17.0000   -100.7900     7.00    0.09  0.2132    15.9100      20180608043253.00
   1   2018/06/22   01:34:15.400   17.2200   -101.5400    10.00    2.68  0.2500    15.7300      20180823073727.00
   2   2018/06/22   01:37:20.960   17.2800   -100.7600    37.00    1.67  0.4676    32.3000      20180423215821.00
   3   2018/06/22   03:37:06.120   17.2900   -101.2900    16.00    1.59  0.2873    18.4800      20180318123711.00
   4   2018/06/22   03:50:51.940   17.3400   -101.6300     8.00    2.08  0.2653    16.6900      20180823073727.00
   5   2018/06/22   04:09:22.260   16.9600   -100.4800     1.00    2.00  0.2435    16.0500      20180620032054.00
   6   2018/06/22   04:13:35.980   16.4600   -100.7100    17.00    3.80  0.8952    61.9900      20180622041336.00
   7   2018/06/22   04:21:26.920   16.4600   -100.7100    17.00    1.30  0.2875    19.9100      20180622041336.00
   8   2018/06/22   04:59:20.100   17.1300   -100.8600    43.00    2.50  0.2535    18.8900      20180501232420.00
   9   2018/06/22   05:23:01.100   17.0800   -101.0200    14.70    1.56  0.3277    23.9600      20180721004334.00
  10   2018/06/22   09:10:25.060   16.8800   -100.6700     9.00    1.42  0.2413    16.3500      20180608043253.00
  11   2018/06/22   09:25:54.660   16.2400   -100.8900    21.40    2.04  0.1927    15.3300      20171128230549.00
  12   2018/06/22   10:37:54.600   16.5300   -100.9600    20.00    1.29  0.2048    15.0600      20180408144521.00
  13   2018/06/22   10:50:22.220   17.1800   -101.4500     3.00    1.96  0.3186    15.7800      20181009121741.00
  14   2018/06/22   11:01:15.520   17.3000   -101.5100     3.40    2.27  0.2460    15.7100      20180727102152.00
  15   2018/06/22   11:41:10.960   16.2700   -100.8600    19.40    2.24  0.3610    28.7200      20171128230549.00
  16   2018/06/22   11:44:40.660   16.5300   -100.9600    18.00    1.28  0.2089    15.3600      20180408144521.00
  17   2018/06/22   12:25:28.840   16.4900   -101.1600     6.00    1.72  0.2206    15.9400      20180313213048.00
  18   2018/06/22   12:40:24.780   17.3000   -101.5100     3.40    2.94  0.2431    15.5200      20180727102152.00
  19   2018/06/22   17:25:29.520   17.4400   -101.5000    25.30    2.39  0.2085    15.6900      20171129055646.00
  20   2018/06/22   20:42:58.320   17.4400   -101.1800    11.20    2.90  0.2523    16.6900      20180801124118.00
  21   2018/06/22   20:46:14.000   17.2600   -101.3100    16.00    3.60  0.9551    61.8100      20180622204614.00
  22   2018/06/22   21:54:48.940   17.1500   -101.3300     6.20    1.78  0.2837    15.2300      20180817025302.00
  23   2018/06/22   22:59:54.940   17.7200   -100.2200   111.40    3.37  0.2346    17.7900      20180730221016.00
  24   2018/06/22   23:02:12.180   17.2100   -101.1700    42.30    1.71  0.2425    18.0700      20171126040530.00
   1   2018/06/23   01:44:26.260   16.3000   -100.8800    16.00    2.31  0.2743    23.8100      20171207181936.00
   2   2018/06/23   02:05:40.540   16.2700   -100.8600    21.40    2.11  0.2466    19.9600      20171128230549.00
   3   2018/06/23   02:06:35.140   16.2700   -100.8600    21.40    1.95  0.2147    17.3700      20171128230549.00
   4   2018/06/23   02:52:51.360   17.4400   -101.5400    -2.00    2.97  0.2254    15.0600      20180625165810.00
   5   2018/06/23   06:02:24.040   16.6500   -100.4800    -2.00    2.08  0.2307    16.5000      20181105124821.00
   6   2018/06/23   06:21:15.240   16.2700   -100.8600    21.40    2.49  0.2209    17.8700      20171128230549.00
   7   2018/06/23   06:24:14.440   16.2700   -100.8600    21.40    2.22  0.2114    17.1100      20171128230549.00
   8   2018/06/23   06:25:06.980   16.2700   -100.8300    19.40    2.33  0.2009    16.2600      20171128230549.00
   9   2018/06/23   07:18:35.980   16.9800   -100.3300     4.00    2.57  0.3139    22.4000      20180602084713.00
  10   2018/06/23   07:46:57.260   17.1800   -101.0100    10.20    1.66  0.1920    15.1500      20180716135840.00
  11   2018/06/23   08:48:52.960   16.9100   -100.5000    24.00    3.13  0.2211    16.5200      20180115125143.00
  12   2018/06/23   08:49:02.260   16.8400   -100.5800     9.00    3.57  0.1969    16.2900      20180520234613.00
  13   2018/06/23   08:49:25.260   16.2700   -100.8300    19.40    2.40  0.2256    18.2600      20171128230549.00
  14   2018/06/23   08:49:33.260   16.5300   -100.9600    20.00    1.93  0.2158    17.3300      20180408144521.00
  15   2018/06/23   09:19:28.000   17.2600   -100.0600    45.00    3.50  0.9562    74.8200      20180623091928.00
  16   2018/06/23   09:23:50.640   16.8800   -100.7000     3.00    1.45  0.2360    19.3400      20180608043253.00
  17   2018/06/23   09:27:54.160   16.9700   -100.4700    22.00    3.14  0.2025    15.1400      20180115125143.00
  18   2018/06/23   09:28:04.840   16.8600   -100.5500     8.00    2.65  0.2511    20.0100      20181111002016.00
  19   2018/06/23   09:29:11.700   16.3000   -100.8800    16.00    1.69  0.1913    16.6000      20171207181936.00
  20   2018/06/23   10:19:53.680   16.3000   -100.8800    16.00    1.80  0.1793    15.5700      20171207181936.00
  21   2018/06/23   10:23:49.800   16.4000   -100.6800    19.00    2.21  0.2316    17.1100      20180622041336.00
  22   2018/06/23   10:40:23.720   16.5100   -100.9500    16.00    3.21  0.3370    26.7200      20180624142808.00
  23   2018/06/23   11:21:01.200   17.1100   -100.4100    40.00    2.37  0.2150    16.3400      20180608030226.00
  24   2018/06/23   11:46:11.020   17.3100   -101.5400    14.00    2.41  0.2438    17.3500      20180823073727.00
  25   2018/06/23   12:10:33.460   16.4000   -100.6800    19.00    2.09  0.2202    16.2700      20180622041336.00
  26   2018/06/23   12:32:42.120   16.9100   -100.7300     9.00    1.43  0.2080    17.0500      20180608043253.00
  27   2018/06/23   12:34:58.080   17.3200   -100.9600     7.00    2.12  0.2261    18.2000      20171203112622.00
  28   2018/06/23   12:54:44.440   16.8800   -100.7600     5.00    1.53  0.1849    15.1500      20180608043253.00
  29   2018/06/23   13:07:35.680   16.3000   -100.8800    16.00    1.89  0.2055    17.8400      20171207181936.00
  30   2018/06/23   13:18:26.740   17.2200   -101.6300     8.00    2.45  0.2330    16.5800      20180823073727.00
  31   2018/06/23   14:51:26.740   16.9400   -100.7900     9.00    1.58  0.1967    16.1200      20180608043253.00
  32   2018/06/23   16:12:24.340   17.3000   -101.0400    40.20    2.16  0.2724    21.6400      20171214054549.00
  33   2018/06/23   16:18:03.360   17.0000   -100.7000     3.00    1.53  0.1972    16.1600      20180608043253.00
  34   2018/06/23   16:51:22.360   17.0900   -100.3400    48.30    2.28  0.2019    15.9100      20181005080039.00
  35   2018/06/23   16:59:05.860   17.1100   -100.4100    44.00    2.44  0.2258    17.1600      20180608030226.00
  36   2018/06/23   18:14:17.040   17.0000   -100.7900     9.00    1.63  0.2405    19.7100      20180608043253.00
  37   2018/06/23   19:36:06.900   16.2400   -100.8300    17.40    2.27  0.2399    19.4200      20171128230549.00
  38   2018/06/23   19:36:15.500   16.5300   -100.9600    20.00    1.70  0.1873    15.0500      20180408144521.00
  39   2018/06/23   19:37:17.640   16.2400   -100.8300    17.40    2.29  0.2471    20.0000      20171128230549.00
  40   2018/06/23   19:37:23.640   16.4700   -100.8400    20.00    1.67  0.1936    15.5500      20180408144521.00
  41   2018/06/23   20:06:13.180   17.2000   -101.2800    16.00    2.60  0.2711    19.4300      20180622204614.00
  42   2018/06/23   20:19:02.860   17.1900   -100.6000    34.00    2.36  0.1955    15.2800      20180709231124.00
  43   2018/06/23   22:09:04.140   17.2900   -101.1100    14.00    2.12  0.2428    18.6300      20180602104053.00
  44   2018/06/23   23:03:05.640   17.2100   -101.1700    48.30    1.84  0.1924    15.5300      20171126040530.00
   1   2018/06/24   01:42:13.460   17.2200   -101.1500    22.00    2.10  0.2176    16.7200      20181113191614.00
   2   2018/06/24   03:27:32.300   17.2900   -101.4300    19.00    2.38  0.2319    15.7900      20180504065022.00
   3   2018/06/24   04:20:43.660   16.3000   -100.8800    16.00    2.10  0.1873    15.3000      20171207181936.00
   4   2018/06/24   05:03:36.140   16.2600   -100.9100    16.30    2.04  0.1949    16.0200      20171216144146.00
   5   2018/06/24   05:36:34.620   17.0800   -101.0200    14.70    2.31  0.3687    28.4700      20180721004334.00
   6   2018/06/24   06:46:09.300   16.3000   -100.8800    16.00    2.09  0.2258    18.4400      20171207181936.00
   7   2018/06/24   06:53:36.440   17.3100   -101.6300     6.00    2.71  0.2335    16.2500      20180823073727.00
   8   2018/06/24   07:06:03.680   17.3100   -101.6000    12.00    2.82  0.2213    15.4000      20180823073727.00
   9   2018/06/24   07:09:41.880   17.2500   -101.6000     8.00    2.79  0.2198    15.2900      20180823073727.00
  10   2018/06/24   07:25:45.620   16.3000   -100.8800    16.00    2.24  0.2451    20.0200      20171207181936.00
  11   2018/06/24   08:01:49.360   17.2500   -101.5100     8.00    2.81  0.2158    15.0200      20180823073727.00
  12   2018/06/24   10:19:01.060   17.0000   -100.7900     1.00    1.75  0.2382    18.4100      20180608043253.00
  13   2018/06/24   10:36:48.740   16.2000   -100.9700    16.30    2.13  0.1863    15.3100      20171216144146.00
  14   2018/06/24   12:19:05.620   17.0000   -100.6700     1.00    1.73  0.1950    15.0700      20180608043253.00
  15   2018/06/24   14:28:08.020   16.4500   -100.9200    16.00    3.90  0.8930    66.5200      20180624142808.00
  16   2018/06/24   14:30:53.400   16.4500   -100.9200    16.00    1.74  0.3619    26.9600      20180624142808.00
  17   2018/06/24   15:13:09.420   16.4500   -100.9200    18.00    1.81  0.3421    25.4800      20180624142808.00
  18   2018/06/24   15:16:11.080   16.4500   -100.9200    16.00    2.13  0.5424    40.4100      20180624142808.00
  19   2018/06/24   15:25:36.220   16.4500   -100.9200    16.00    1.94  0.3322    24.7400      20180624142808.00
  20   2018/06/24   18:07:33.040   17.2400   -100.1300    31.50    1.89  0.2112    15.7000      20171206230045.00
  21   2018/06/24   19:06:34.100   17.2200   -101.5400    10.00    3.36  0.2234    15.5400      20180823073727.00
  22   2018/06/24   19:32:34.440   16.4500   -100.9200    16.00    1.76  0.2558    19.0600      20180624142808.00
  23   2018/06/24   20:18:17.960   16.9100   -100.6700     9.00    1.77  0.2047    15.8200      20180608043253.00
  24   2018/06/24   20:54:13.060   17.3700   -101.2100    18.00    2.71  0.2561    19.5700      20180213081543.00
  25   2018/06/24   21:34:55.560   16.8900   -101.6000    16.00    2.70  0.2221    15.6400      20180515072042.00
  26   2018/06/24   22:46:42.000   16.8900   -100.2300    10.00    3.90  1.0000    71.9600      20180624224642.00
  27   2018/06/24   22:55:01.800   17.2600   -100.9900     9.00    2.18  0.1945    15.0700      20171203112622.00
  28   2018/06/24   23:16:17.620   17.2600   -101.0500     1.00    2.11  0.2071    16.0400      20171203112622.00
  29   2018/06/24   23:34:31.640   17.2200   -101.1200    18.00    2.26  0.5199    39.9600      20181113191614.00
   1   2018/06/25   00:13:00.460   17.1900   -100.3500     7.00    1.26  0.5062    33.6500      20180809105016.00
   2   2018/06/25   05:09:30.760   16.4600   -100.7100    17.00    1.66  0.5071    34.2000      20180622041336.00
   3   2018/06/25   05:10:18.340   16.9300   -100.3700    24.00    2.59  0.4763    31.6600      20180726005704.00
   4   2018/06/25   06:46:51.460   17.2800   -101.5700     8.00    2.55  0.2483    16.1900      20180823073727.00
   5   2018/06/25   08:22:22.380   17.4100   -101.5900     3.00    3.24  0.2322    15.0200      20180430085631.00
   6   2018/06/25   13:21:43.000   16.8700   -100.4300     5.00    4.00  0.7833    55.5500      20180625132143.00
   7   2018/06/25   13:27:05.560   17.3800   -101.5400     2.00    3.10  0.6836    43.7900      20180625165810.00
   8   2018/06/25   13:34:43.280   17.1900   -100.8700    10.00    3.55  0.6757    54.1900      20180729013951.00
   9   2018/06/25   14:32:20.260   16.8700   -100.4300     5.00    2.28  0.4617    32.7400      20180625132143.00
  10   2018/06/25   16:20:20.020   17.3800   -101.5400     2.00    2.80  0.2637    16.8900      20180625165810.00
  11   2018/06/25   16:26:35.600   16.4600   -100.7100    17.00    2.33  0.7240    48.8300      20180622041336.00
  12   2018/06/25   16:58:10.000   17.3800   -101.5400     2.00    3.60  0.9674    61.9600      20180625165810.00
  13   2018/06/25   17:25:43.000   16.9100   -101.7400    16.00    3.70  0.8409    58.4700      20180625172543.00
  14   2018/06/25   17:25:50.280   17.2100   -101.3300    12.20    3.15  0.3126    17.0000      20180817025302.00
  15   2018/06/25   17:27:00.560   17.3200   -101.6400     9.00    3.05  0.2661    16.5200      20180526132043.00
  16   2018/06/25   18:24:36.400   17.0000   -100.7600     9.00    1.53  0.2021    15.1000      20180608043253.00
  17   2018/06/25   18:33:10.460   17.2600   -101.0800    12.00    2.37  0.2197    16.1100      20180602104053.00
  18   2018/06/25   19:13:21.160   16.4500   -100.9200    16.00    1.89  0.4062    30.0500      20180624142808.00
  19   2018/06/25   19:28:13.460   17.0000   -100.7300     7.00    1.64  0.2110    15.7600      20180608043253.00
  20   2018/06/25   21:07:33.600   17.6500   -101.7900     6.00    1.83  0.2670    19.1800      20180519014917.00
  21   2018/06/25   21:52:27.440   16.9500   -100.7000     9.70    1.80  0.2271    17.5700      20181028225625.00
  22   2018/06/25   22:01:41.340   17.1800   -101.3300     4.20    2.24  0.2804    15.2500      20180817025302.00
  23   2018/06/25   22:03:23.100   17.2400   -101.3600    12.20    2.11  0.2919    15.8800      20180817025302.00
  24   2018/06/25   22:12:13.540   17.0100   -100.7300     1.70    3.19  0.2896    22.4100      20181028225625.00
  25   2018/06/25   22:50:54.520   17.4000   -101.1400    30.60    2.86  0.2408    18.5800      20171123154045.00
  26   2018/06/25   23:11:07.460   17.7200   -100.2200   111.40    3.45  0.2636    16.7900      20180730221016.00
  27   2018/06/25   23:20:31.320   16.9300   -100.3300     9.90    1.90  0.4394    29.8700      20180924190741.00
   1   2018/06/26   03:31:27.560   17.1700   -100.3900    40.00    2.38  0.4993    32.7500      20180604032311.00
   2   2018/06/26   03:59:52.180   16.8400   -100.5000     3.00    2.03  0.2309    15.3700      20180110131919.00
   3   2018/06/26   04:19:20.280   17.2900   -101.2900    16.00    2.40  0.3192    19.7900      20180318123711.00
   4   2018/06/26   05:31:14.660   17.0900   -101.1100    16.10    2.41  0.2355    15.1900      20180915055856.00
   5   2018/06/26   06:39:32.200   17.2900   -100.9900     5.00    2.00  0.1971    15.1400      20171203112622.00
   6   2018/06/26   07:05:28.220   16.2600   -100.8200    11.00    2.11  0.2232    15.2500      20171225145800.00
   7   2018/06/26   08:28:57.780   16.8400   -100.4600     7.00    1.65  0.2782    19.2700      20180625132143.00
   8   2018/06/26   09:20:43.100   17.2900   -101.3100    14.00    2.38  0.5045    33.3600      20180528222819.00
   9   2018/06/26   11:04:59.960   16.4500   -100.9200    16.00    1.56  0.2613    17.1900      20180624142808.00
  10   2018/06/26   14:23:56.580   17.4000   -100.8600    34.00    1.57  0.2271    16.8100      20180329222425.00
  11   2018/06/26   21:14:57.440   16.9300   -100.3700    24.00    2.42  0.3082    20.4400      20180726005704.00
  12   2018/06/26   23:56:30.000   17.3500   -100.9500    39.00    3.50  0.9025    64.2400      20180626235630.00
   1   2018/06/27   00:21:12.860   17.2700   -101.2000    46.30    1.24  0.1984    16.9500      20171126040530.00
   2   2018/06/27   00:38:31.560   17.3200   -100.9900     7.00    1.63  0.1783    15.5200      20171203112622.00
   3   2018/06/27   02:03:04.980   17.2800   -101.5400    14.00    2.70  0.2152    15.1800      20180823073727.00
   4   2018/06/27   02:15:35.160   16.9400   -100.7900     3.00    1.58  0.1977    18.8000      20180608043253.00
   5   2018/06/27   03:12:35.160   17.2900   -101.0500    12.00    2.20  0.1788    15.2400      20180602104053.00
   6   2018/06/27   03:18:58.640   17.2200   -101.6300    10.00    2.40  0.2290    16.1500      20180823073727.00
   7   2018/06/27   04:43:56.300   17.2100   -101.4200     8.20    1.75  0.2685    16.4200      20180817025302.00
   8   2018/06/27   05:52:22.440   17.2100   -101.3900     1.00    2.26  0.2796    16.1000      20181009121741.00
   9   2018/06/27   06:37:45.100   16.8500   -100.4700    26.00    2.75  0.1897    15.7600      20180115125143.00
  10   2018/06/27   06:37:53.340   16.8800   -100.6700     9.00    1.68  0.1803    17.1400      20180608043253.00
  11   2018/06/27   06:54:07.160   16.7800   -100.3700     9.00    1.70  0.2717    16.7200      20180419205910.00
  12   2018/06/27   07:21:02.560   17.2400   -101.4200     8.20    2.04  0.2555    15.6300      20180817025302.00
  13   2018/06/27   07:49:12.340   16.9900   -100.6100     6.00    1.68  0.2126    18.5600      20180604194355.00
  14   2018/06/27   10:37:39.420   16.9100   -100.7600     7.00    1.57  0.1869    17.7700      20180608043253.00
  15   2018/06/27   11:21:19.820   17.3800   -101.0900    17.20    3.61  0.2133    17.5200      20180801124118.00
  16   2018/06/27   11:21:34.540   16.4600   -101.0200    18.00    2.94  0.1851    15.3600      20180906023815.00
  17   2018/06/27   11:54:41.760   17.2400   -101.4500     5.00    2.08  0.2728    16.3700      20181009120826.00
  18   2018/06/27   12:00:06.280   17.2400   -101.3600    10.20    1.88  0.2595    15.8700      20180817025302.00
  19   2018/06/27   13:02:55.960   17.3500   -101.2700    19.00    2.29  0.1810    15.5100      20180727052137.00
  20   2018/06/27   13:31:48.240   17.3200   -101.0600    17.20    2.56  0.2053    16.8600      20180801124118.00
  21   2018/06/27   13:31:56.180   17.2100   -101.2000     9.60    2.21  0.2299    19.1300      20180729232343.00
  22   2018/06/27   13:51:00.280   17.3200   -101.1100    14.00    2.00  0.1802    15.3600      20180602104053.00
  23   2018/06/27   14:03:09.580   17.2100   -100.2700    36.00    3.30  0.2077    17.7400      20180407064556.00
  24   2018/06/27   14:03:16.720   16.9400   -100.5200     9.60    3.23  0.1833    16.4300      20171220141145.00
  25   2018/06/27   15:11:36.680   17.5000   -101.6800     9.00    2.88  0.2057    15.2900      20180430085631.00
  26   2018/06/27   15:11:44.600   17.2700   -101.3600    10.20    1.67  0.2505    15.3200      20180817025302.00
  27   2018/06/27   15:20:35.880   17.3500   -100.1100    11.00    2.28  0.2486    21.0500      20181108151322.00
  28   2018/06/27   16:27:52.620   17.2700   -101.0100    40.20    2.50  0.1991    17.0600      20171214054549.00
  29   2018/06/27   16:32:25.680   16.8900   -100.5200     0.00    2.32  0.1991    17.1100      20181111002016.00
  30   2018/06/27   17:22:20.700   17.2800   -101.5100     6.00    2.51  0.2207    15.5700      20180823073727.00
  31   2018/06/27   18:57:03.560   17.0000   -100.7600     4.00    1.88  0.1577    15.0400      20180608035650.00
  32   2018/06/27   19:13:28.720   17.0000   -100.7300     9.00    1.41  0.1582    15.0400      20180608043253.00
  33   2018/06/27   19:45:25.220   17.2400   -101.3600    12.20    1.70  0.2470    15.1100      20180817025302.00
  34   2018/06/27   20:02:42.600   17.1000   -100.3900    44.80    2.13  0.3254    27.1300      20180715054502.00
  35   2018/06/27   20:19:43.620   17.6800   -101.2600    54.60    2.30  0.2216    19.0200      20180926013003.00
  36   2018/06/27   20:44:10.780   16.5100   -101.0000     9.00    2.06  0.1946    16.8300      20180509132117.00
  37   2018/06/27   21:27:14.900   17.0800   -100.7700     8.00    2.85  0.1753    15.2700      20180407030006.00
  38   2018/06/27   21:27:26.580   16.8600   -100.5700     5.00    2.81  0.2175    17.4600      20180628081703.00
  39   2018/06/27   21:39:44.220   16.9100   -100.7600     3.00    1.48  0.1648    15.6700      20180608043253.00
  40   2018/06/27   21:55:21.720   16.9000   -100.3100    20.00    2.43  0.3528    27.9400      20180130044035.00
  41   2018/06/27   22:00:05.820   17.7200   -100.2200   109.40    3.35  0.2680    15.9400      20180730221016.00
  42   2018/06/27   22:47:36.260   17.2200   -101.1200    18.00    1.87  0.4028    34.2200      20181113191614.00
  43   2018/06/27   22:52:48.300   17.3100   -101.3200    10.00    1.57  0.1995    16.4400      20180709101622.00
  44   2018/06/27   22:52:55.080   17.2200   -101.5000     8.00    1.44  0.2006    15.3700      20180517170951.00
   1   2018/06/28   00:07:06.560   17.2900   -101.0200     1.00    0.37  0.2304    17.6600      20171203112622.00
   2   2018/06/28   02:38:56.300   17.2600   -101.0200     7.00    1.98  0.2027    15.5400      20171203112622.00
   3   2018/06/28   04:55:55.560   16.9500   -100.1700    12.00    1.72  0.2344    16.7100      20180704033606.00
   4   2018/06/28   05:41:30.000   17.7300   -101.4100    47.00    3.90  0.8313    56.2700      20180628054130.00
   5   2018/06/28   06:02:15.520   17.1800   -101.1000    34.20    2.02  0.2032    15.4100      20171214054549.00
   6   2018/06/28   06:29:24.000   16.9200   -100.5700     2.00    3.90  0.7625    53.7000      20180628062924.00
   7   2018/06/28   07:10:56.580   16.8900   -100.5400     5.00    2.26  0.3947    25.5800      20180628081703.00
   8   2018/06/28   07:25:34.460   17.3700   -101.4400    29.00    2.15  0.4967    35.9500      20180614045253.00
   9   2018/06/28   07:28:42.720   17.2200   -101.1200    18.00    2.00  0.3604    27.1500      20181113191614.00
  10   2018/06/28   07:42:54.300   16.9200   -100.5700     2.00    1.89  0.4090    28.8100      20180628062924.00
  11   2018/06/28   08:17:03.000   16.8900   -100.5400     5.00    3.60  0.9686    62.7700      20180628081703.00
  12   2018/06/28   08:17:09.580   16.8100   -100.4900     9.00    2.82  0.2239    15.2300      20180625132143.00
  13   2018/06/28   08:32:47.800   16.8900   -100.5400     5.00    2.76  0.7193    46.6200      20180628081703.00
  14   2018/06/28   09:44:41.940   17.1600   -100.3700    36.20    2.71  0.2192    15.0900      20171130230303.00
  15   2018/06/28   11:16:04.000   17.1300   -101.4400    10.00    4.00  0.9392    62.8200      20180628111604.00
  16   2018/06/28   12:38:27.700   17.3700   -101.3200     6.00    2.16  0.2154    15.6500      20180709101622.00
  17   2018/06/28   13:58:06.520   17.4100   -101.5300    13.00    2.91  0.2430    17.0600      20180327103746.00
  18   2018/06/28   17:17:38.740   17.2200   -101.1200    18.00    1.72  0.2836    21.3700      20181113191614.00
   1   2018/06/29   03:11:18.000   17.5800   -101.3100    53.00    4.00  0.9097    69.4000      20180629031118.00
   2   2018/06/29   03:24:18.100   16.8900   -100.5400     5.00    2.38  0.5651    39.8600      20180628081703.00
   3   2018/06/29   03:59:36.580   16.9100   -100.7900     1.00    1.61  0.2050    16.1700      20180608043253.00
   4   2018/06/29   04:04:19.000   17.4400   -101.5100     6.80    2.76  0.2928    20.5000      20180929112959.00
   5   2018/06/29   05:03:36.860   17.5800   -101.3100    53.00    2.20  0.4794    36.5800      20180629031118.00
   6   2018/06/29   05:08:32.900   17.1500   -101.3600     8.20    2.16  0.2838    15.7700      20180817025302.00
   7   2018/06/29   05:39:20.980   17.3000   -101.2000    11.60    2.26  0.2511    19.6900      20180729232343.00
   8   2018/06/29   06:59:43.800   17.5000   -101.2300    46.00    2.23  0.2351    17.5400      20180630212448.00
   9   2018/06/29   07:25:16.860   17.0300   -100.9200    12.00    1.26  0.2220    18.5500      20171125214424.00
  10   2018/06/29   08:39:09.240   16.5300   -100.9000    12.00    2.05  0.2628    20.3800      20180408144521.00
  11   2018/06/29   08:39:18.000   17.0000   -100.7600     2.00    2.00  0.1905    15.4100      20180608035650.00
  12   2018/06/29   08:39:46.040   17.4700   -101.5900    11.00    2.79  0.3046    21.0400      20180327103746.00
  13   2018/06/29   10:13:02.760   16.8600   -100.0500    30.40    2.67  0.2723    20.2700      20180904060625.00
  14   2018/06/29   11:56:45.380   17.2200   -101.1200    18.00    1.60  0.3657    28.6900      20181113191614.00
  15   2018/06/29   12:06:39.000   17.4100   -100.8300    11.00    3.80  1.0000    81.7900      20180629120639.00
  16   2018/06/29   13:13:45.640   17.2300   -101.1100    14.00    1.91  0.2102    16.1600      20180602104053.00
  17   2018/06/29   13:34:50.060   17.2900   -101.0600    12.00    2.51  0.2156    15.3000      20180921140842.00
  18   2018/06/29   13:34:56.940   17.2400   -101.3600    10.20    1.97  0.3337    18.5400      20180817025302.00
  19   2018/06/29   15:52:01.000   17.2300   -100.8200    15.00    3.50  0.9223    70.9500      20180629155201.00
  20   2018/06/29   17:08:35.700   17.2100   -100.4200    21.00    1.67  0.3705    28.7300      20180126170817.00
  21   2018/06/29   17:17:17.140   17.1800   -101.0700     8.20    1.99  0.2142    17.2500      20180716135840.00
  22   2018/06/29   18:30:55.200   17.1300   -100.3400    37.00    2.23  0.1958    15.0700      20180205104645.00
  23   2018/06/29   19:50:29.320   17.7500   -101.3900    44.00    2.07  0.2490    20.0700      20180121080129.00
  24   2018/06/29   21:33:17.580   17.1900   -100.3500     5.00    1.91  0.2408    16.6300      20180809105016.00
   1   2018/06/30   00:56:56.220   17.2200   -101.0600    14.00    2.15  0.2119    16.2400      20181113191614.00
   2   2018/06/30   02:31:41.580   17.2000   -101.3100    16.00    2.27  0.2345    15.7900      20180622204614.00
   3   2018/06/30   03:30:01.220   17.3500   -101.3800    36.00    2.68  0.2465    18.8200      20180507062217.00
   4   2018/06/30   04:29:05.340   17.3700   -101.4100    25.00    2.60  0.2166    15.2100      20180110083033.00
   5   2018/06/30   08:06:04.000   17.2800   -101.1300    40.00    3.40  1.0000    71.5600      20180630080604.00
   6   2018/06/30   12:10:33.440   16.8300   -100.0900     5.00    2.29  0.4463    32.3800      20171211134403.00
   7   2018/06/30   12:20:09.640   17.1500   -100.1700    44.00    3.26  0.2403    16.3300      20180203001452.00
   8   2018/06/30   18:37:56.880   16.9900   -100.1600    10.00    2.65  0.2867    19.0700      20180206103237.00
   9   2018/06/30   19:09:00.640   17.0300   -100.0800     5.00    3.06  0.2942    18.6100      20180803030006.00
  10   2018/06/30   21:24:48.000   17.5300   -101.2900    48.00    3.40  1.0000    69.8200      20180630212448.00
  11   2018/06/30   22:01:38.560   17.7200   -100.2200   111.40    3.70  0.3953    25.7500      20180730221016.00
  12   2018/06/30   23:41:57.000   17.1300   -100.3000    24.00    3.50  0.9206    66.3100      20180630234157.00
