   1   2017/11/21   00:18:49.080   16.8300   -101.5800    16.10    1.27  0.5018    32.9400      20171123164021.00
   2   2017/11/21   00:59:46.680   16.3000   -100.7700    10.00    1.95  0.2687    19.2500      20171130213459.00
   3   2017/11/21   04:03:04.860   17.4500   -101.1500    20.60    2.53  0.1878    15.8000      20180729222843.00
   4   2017/11/21   04:09:46.520   16.9700   -100.7000     0.00    1.20  0.2134    15.0800      20180608035650.00
   5   2017/11/21   04:43:18.140   17.2400   -101.0100     6.20    2.03  0.1934    15.4400      20180716135840.00
   6   2017/11/21   04:55:09.540   17.2400   -101.0700     8.20    1.86  0.1983    15.8400      20180716135840.00
   7   2017/11/21   05:02:05.540   17.1500   -100.3400    44.30    1.71  0.2128    15.6200      20181005080039.00
   8   2017/11/21   06:58:32.000   17.3600   -101.4300    27.10    3.70  0.8684    59.6700      20171121065832.00
   9   2017/11/21   07:17:13.380   16.2600   -100.9100    20.30    2.42  0.3794    29.4500      20171216144146.00
  10   2017/11/21   07:23:18.880   17.1200   -101.2000    16.10    2.46  0.2337    16.3400      20180915055856.00
  11   2017/11/21   07:38:50.160   16.2900   -100.9100    12.30    1.51  0.2121    16.4700      20171216144146.00
  12   2017/11/21   07:53:16.480   16.2600   -100.9100    16.30    1.89  0.3900    30.2800      20171216144146.00
  13   2017/11/21   10:09:12.320   16.3000   -100.7700    10.00    1.42  0.3533    25.3200      20171130213459.00
  14   2017/11/21   10:15:05.300   16.2600   -100.9100    20.30    1.34  0.2710    21.0300      20171216144146.00
  15   2017/11/21   10:31:07.260   16.2600   -100.9100    16.30    1.36  0.2890    22.4300      20171216144146.00
  16   2017/11/21   11:32:33.880   16.2600   -100.9100    16.30    1.83  0.3626    28.1500      20171216144146.00
  17   2017/11/21   14:30:04.000   17.6100   -101.3900    47.60    3.40  1.0000    67.2800      20171121143004.00
  18   2017/11/21   15:07:26.180   17.0900   -100.3700    44.30    1.95  0.3884    28.5100      20181005080039.00
  19   2017/11/21   15:40:18.500   17.6100   -101.3900    47.60    1.84  0.3219    21.6600      20171121143004.00
  20   2017/11/21   16:28:58.180   17.6000   -101.3800    51.40    2.30  0.1941    15.2000      20171217204725.00
  21   2017/11/21   17:40:53.020   16.9900   -100.6800     5.00    3.60  0.8390    57.2500      20171121174053.00
  22   2017/11/21   18:04:21.680   17.0500   -100.6800     5.00    1.46  0.2387    16.2900      20171121174053.00
  23   2017/11/21   18:36:56.720   16.9900   -100.6800     5.00    1.54  0.2390    16.3100      20171121174053.00
  24   2017/11/21   18:38:06.380   17.2600   -100.9600     1.00    2.17  0.2319    16.6700      20171203112622.00
  25   2017/11/21   19:26:40.880   16.9900   -100.6800     5.00    1.59  0.3548    24.2100      20171121174053.00
  26   2017/11/21   20:24:36.200   17.5700   -101.3500    44.00    2.40  0.2888    22.3500      20180615063312.00
  27   2017/11/21   20:31:04.720   17.2700   -101.5200     3.00    2.39  0.2289    15.4300      20171214115235.00
  28   2017/11/21   21:24:11.100   17.3200   -100.9600     9.00    1.67  0.2580    18.5600      20171203112622.00
  29   2017/11/21   21:39:45.040   16.2600   -100.9100    16.30    2.08  0.3499    27.1600      20171216144146.00
  30   2017/11/21   22:05:09.460   17.3900   -101.3700    11.90    1.90  0.2326    18.1300      20180915145533.00
  31   2017/11/21   22:05:48.540   16.2600   -100.9100    16.30    1.66  0.3829    29.7200      20171216144146.00
  32   2017/11/21   23:03:06.440   17.3600   -101.4300    27.10    2.79  0.6776    46.5600      20171121065832.00
  33   2017/11/21   23:12:53.560   16.5500   -101.1000     8.00    1.01  0.2118    15.1000      20180313213048.00
  34   2017/11/21   23:16:37.900   17.4400   -101.1500    13.20    2.71  0.2083    15.8600      20180801124118.00
  35   2017/11/21   23:55:35.700   17.6700   -101.4200    49.60   -0.05  0.2410    16.2100      20171121143004.00
   1   2017/11/22   00:12:36.260   16.3000   -100.7700    10.00    0.72  0.3730    28.7100      20171130213459.00
   2   2017/11/22   00:39:52.380   17.1900   -100.7300    18.00    2.43  0.2016    17.2700      20180129160148.00
   3   2017/11/22   00:56:23.040   17.6400   -101.1800     7.00    2.22  0.2315    17.2800      20171201025049.00
   4   2017/11/22   01:19:50.260   16.3000   -100.7700    10.00    1.85  0.3772    29.0300      20171130213459.00
   5   2017/11/22   02:40:45.400   16.2600   -100.9100    16.30    1.72  0.2800    22.8400      20171216144146.00
   6   2017/11/22   02:49:22.000   17.2000   -100.1400    49.20    3.80  0.8216    48.5100      20171122024922.00
   7   2017/11/22   02:49:28.960   16.9200   -100.2900    21.50    3.54  0.2228    15.5400      20171230095748.00
   8   2017/11/22   03:16:21.340   16.3000   -100.7700    10.00    2.02  0.4192    32.2600      20171130213459.00
   9   2017/11/22   04:10:21.160   16.3000   -100.7700    10.00    2.07  0.3788    29.1500      20171130213459.00
  10   2017/11/22   04:11:50.500   16.3000   -100.7700    10.00    2.20  0.2297    17.6800      20171130213459.00
  11   2017/11/22   04:27:30.580   16.2600   -100.9100    16.30    2.21  0.5630    45.9200      20171216144146.00
  12   2017/11/22   04:37:59.740   17.2900   -101.2900    16.00    1.97  0.2752    22.2900      20180318123711.00
  13   2017/11/22   04:52:22.900   17.6000   -101.3200    44.00    2.56  0.1984    15.1400      20180615063312.00
  14   2017/11/22   05:17:28.360   17.3200   -101.5500     9.00    2.47  0.2526    15.9700      20180526132043.00
  15   2017/11/22   05:24:00.580   17.3400   -101.2400    14.00    2.33  0.1930    15.6500      20180213081543.00
  16   2017/11/22   08:12:12.500   16.2600   -100.9100    16.30    1.91  0.1936    15.7900      20171216144146.00
  17   2017/11/22   08:54:44.320   16.3000   -100.7700    10.00    1.87  0.2924    22.5000      20171130213459.00
  18   2017/11/22   10:47:05.780   16.3000   -100.8800    16.00    1.88  0.1997    16.2500      20171207181936.00
  19   2017/11/22   10:48:04.320   17.4400   -101.5100     6.80    2.51  0.2902    23.0300      20180929112959.00
  20   2017/11/22   11:02:42.320   16.2600   -100.9100    20.30    1.64  0.2253    18.3800      20171216144146.00
  21   2017/11/22   11:34:26.000   16.9600   -100.3700    18.10    3.50  1.0000    59.6000      20171122113426.00
  22   2017/11/22   11:37:58.820   16.2600   -100.9100    16.30    1.70  0.3985    32.5100      20171216144146.00
  23   2017/11/22   11:54:57.100   16.2900   -100.9100    12.30    1.63  0.1901    15.5100      20171216144146.00
  24   2017/11/22   12:02:31.860   16.2600   -100.9100    16.30    2.05  0.4109    33.5100      20171216144146.00
  25   2017/11/22   13:17:33.420   17.6300   -101.3800    44.00    2.70  0.2044    15.6000      20180615063312.00
  26   2017/11/22   13:38:54.760   16.2600   -100.9100    14.30    1.86  0.1889    15.4000      20171216144146.00
  27   2017/11/22   15:14:40.740   16.2900   -100.9100    14.30    1.66  0.1944    15.8600      20171216144146.00
  28   2017/11/22   15:29:28.660   17.2600   -101.0500     9.00    1.93  0.2199    15.2500      20171203112622.00
  29   2017/11/22   15:29:37.400   17.2400   -101.3600     7.00    2.14  0.2220    17.1700      20181009121741.00
  30   2017/11/22   15:35:08.160   17.0300   -100.6400    27.00    2.49  0.2694    22.1500      20180616150312.00
  31   2017/11/22   16:07:39.240   17.1400   -100.9900    31.00    1.90  0.2658    22.3500      20181114195548.00
  32   2017/11/22   18:33:23.940   16.2600   -100.9100    16.30    1.60  0.1902    15.5100      20171216144146.00
  33   2017/11/22   19:48:16.000   17.7200   -101.6700    32.10    3.48  0.3697    28.8400      20180730060110.00
  34   2017/11/22   19:51:09.000   16.9800   -100.0500    10.50    3.50  0.9261    63.0300      20171122195109.00
  35   2017/11/22   19:56:07.240   16.9800   -100.0500    10.50    2.34  0.2226    15.1500      20171122195109.00
  36   2017/11/22   19:58:30.900   17.3300   -101.2700     9.00    2.39  0.4691    37.0300      20180503161729.00
  37   2017/11/22   20:01:04.320   16.9700   -100.7300     3.00    1.58  0.1890    15.1500      20180608043253.00
  38   2017/11/22   20:36:07.360   16.9800   -100.0500    10.50    2.31  0.3421    23.2800      20171122195109.00
  39   2017/11/22   20:42:40.560   16.9300   -100.6500     1.00    1.62  0.2232    15.2600      20171121174053.00
  40   2017/11/22   21:10:09.580   16.2600   -100.9100    16.30    1.68  0.2039    16.6300      20171216144146.00
  41   2017/11/22   21:10:54.260   16.2600   -100.9100    16.30    1.86  0.3373    27.5100      20171216144146.00
  42   2017/11/22   22:12:16.280   16.3000   -100.7700    10.00    1.94  0.2486    19.1300      20171130213459.00
  43   2017/11/22   22:28:25.580   16.2600   -100.9100    16.30    2.57  0.3617    29.5000      20171216144146.00
  44   2017/11/22   22:37:17.640   16.9400   -100.6700     2.00    1.29  0.2033    15.3300      20180608035650.00
  45   2017/11/22   23:44:50.060   17.6100   -101.3900    47.60    2.27  0.6973    46.3800      20171121143004.00
  46   2017/11/22   23:50:04.600   16.8300   -101.5800    16.10    0.59  0.2745    15.8100      20171123164021.00
  47   2017/11/22   23:57:48.980   16.2600   -100.9100    20.30   -1.18  0.2001    16.3200      20171216144146.00
  48   2017/11/22   23:57:55.460   16.2900   -100.9100    12.30   -1.20  0.2479    20.2200      20171216144146.00
   1   2017/11/23   00:08:42.900   16.3000   -100.7700    10.00    0.57  0.2096    15.5800      20171130213459.00
   2   2017/11/23   00:15:41.900   16.2600   -100.9100    16.30    0.85  0.3941    31.5400      20171216144146.00
   3   2017/11/23   01:24:47.980   16.2600   -100.9100    16.30    1.69  0.1885    15.0800      20171216144146.00
   4   2017/11/23   01:49:43.620   17.6400   -101.1800     9.00    2.42  0.2203    15.4000      20171201025049.00
   5   2017/11/23   03:25:02.460   17.4100   -101.0600    13.20    3.54  0.1938    15.4200      20180801124118.00
   6   2017/11/23   03:25:12.000   17.5300   -101.3400    44.30    3.70  1.0000    71.4200      20171123032512.00
   7   2017/11/23   04:58:38.020   17.1200   -101.2300    14.10    2.19  0.2027    16.4700      20180915055856.00
   8   2017/11/23   05:09:50.060   16.3000   -100.7700    10.00    1.92  0.2406    17.8900      20171130213459.00
   9   2017/11/23   05:37:16.220   17.4400   -101.7600     5.00    1.93  0.2097    15.8700      20180418134457.00
  10   2017/11/23   05:50:04.180   16.2600   -100.9100    16.30    1.86  0.5035    40.3000      20171216144146.00
  11   2017/11/23   05:56:53.380   16.9900   -100.6800     5.00    1.39  0.3735    25.4700      20171121174053.00
  12   2017/11/23   06:08:10.000   17.1400   -100.4200    41.30    3.10  0.9305    64.1100      20171123060810.00
  13   2017/11/23   06:52:28.700   17.3500   -101.7000     7.00    2.23  0.2394    15.4900      20180514215426.00
  14   2017/11/23   06:52:38.580   17.1800   -101.3900     6.20    1.84  0.2347    15.4900      20180817025302.00
  15   2017/11/23   07:57:28.600   16.3000   -100.7700    10.00    2.01  0.3548    26.3700      20171130213459.00
  16   2017/11/23   08:56:36.260   17.1800   -100.9800     8.20    2.20  0.2189    18.7600      20180716135840.00
  17   2017/11/23   10:52:21.320   17.1000   -100.6100     7.00    2.55  0.3642    28.2700      20181107192210.00
  18   2017/11/23   11:47:44.420   17.0600   -100.6400     5.00    2.11  0.2062    17.3400      20180329211048.00
  19   2017/11/23   13:15:48.000   16.9100   -101.5500    15.00    3.90  0.9456    66.3100      20171123131548.00
  20   2017/11/23   15:40:45.000   17.4000   -101.1700    30.60    3.40  0.9238    60.3500      20171123154045.00
  21   2017/11/23   15:58:23.160   16.9400   -100.7000     9.00    1.51  0.2246    17.0700      20180608043253.00
  22   2017/11/23   16:40:21.000   16.8300   -101.5800    16.10    3.90  0.9761    63.7300      20171123164021.00
  23   2017/11/23   16:58:17.160   16.8300   -101.5800    16.10    2.77  0.8222    53.6800      20171123164021.00
  24   2017/11/23   18:21:00.800   17.1200   -101.1700    12.10    2.62  0.1895    15.4000      20180915055856.00
  25   2017/11/23   19:26:35.300   17.4700   -101.6300     8.00    1.69  0.5074    35.4300      20180411030436.00
  26   2017/11/23   19:32:35.840   17.1500   -100.3200    37.00    2.22  0.2175    15.4600      20180315040508.00
  27   2017/11/23   19:32:46.580   16.9000   -100.4300     5.00    1.73  0.2590    16.4500      20180419205910.00
  28   2017/11/23   22:06:10.600   16.8800   -101.6500    52.60    2.21  0.2404    17.7800      20171229132449.00
  29   2017/11/23   22:25:25.920   17.0900   -100.6400     9.00    1.86  0.2018    16.9700      20180329211048.00
  30   2017/11/23   23:09:02.600   17.0700   -100.6300     5.80    1.97  0.3087    24.5500      20180826173344.00
  31   2017/11/23   23:25:26.480   17.3500   -101.1400    10.00    1.51  0.1816    15.1100      20180602104053.00
  32   2017/11/23   23:46:23.200   17.2200   -101.2300    16.00    1.15  0.1962    15.3300      20180530170231.00
  33   2017/11/23   23:48:14.040   17.1500   -101.0100    12.20    0.36  0.1761    15.0800      20180716135840.00
   1   2017/11/24   00:43:17.400   17.1700   -100.0900    33.00    3.58  0.6830    50.1400      20171124005011.00
   2   2017/11/24   00:43:24.000   16.9500   -100.5900     3.90    3.60  1.0000    73.9600      20171124004324.00
   3   2017/11/24   00:50:11.000   17.1700   -100.0900    31.00    3.40  0.8916    65.4500      20171124005011.00
   4   2017/11/24   00:50:17.540   16.9500   -100.5900     3.90    3.49  0.6114    45.2200      20171124004324.00
   5   2017/11/24   00:51:59.040   17.1700   -100.0900    33.00    1.66  0.2318    17.0200      20171124005011.00
   6   2017/11/24   00:52:05.640   16.9500   -100.5900     3.90    1.69  0.3461    25.6000      20171124004324.00
   7   2017/11/24   01:04:38.720   16.2600   -100.9100    16.30    1.80  0.2176    16.9200      20171216144146.00
   8   2017/11/24   01:57:54.020   17.1700   -100.0900    31.00    1.63  0.2150    15.7800      20171124005011.00
   9   2017/11/24   01:58:00.540   16.9500   -100.5900     3.90    1.63  0.2177    16.1000      20171124004324.00
  10   2017/11/24   02:10:07.800   16.3000   -100.7700    10.00    1.83  0.2362    16.8800      20171130213459.00
  11   2017/11/24   02:58:40.440   16.2600   -100.9100    16.30    1.97  0.3643    28.3200      20171216144146.00
  12   2017/11/24   03:19:31.040   16.2600   -100.9100    20.30    1.49  0.2027    15.7600      20171216144146.00
  13   2017/11/24   04:35:00.160   16.2600   -100.9100    16.30    2.60  0.3126    24.3000      20171216144146.00
  14   2017/11/24   05:31:45.760   16.9900   -100.6800     5.00    1.54  0.4588    30.8000      20171121174053.00
  15   2017/11/24   05:36:51.000   17.3400   -100.9000    30.60    4.00  1.0000    67.7600      20171124053651.00
  16   2017/11/24   10:32:52.820   17.2600   -101.0200     5.00    1.77  0.3598    25.1200      20171203112622.00
  17   2017/11/24   11:39:24.300   16.9100   -101.5500    15.00    3.23  0.8847    62.3400      20171123131548.00
  18   2017/11/24   12:38:42.620   16.8400   -100.4300     5.00    1.85  0.2673    15.0700      20180419205910.00
  19   2017/11/24   12:47:21.340   16.3000   -100.8800    14.00    2.80  0.3026    23.3700      20171207181936.00
  20   2017/11/24   15:35:56.160   16.2600   -100.9100    16.30    1.90  0.2843    22.1000      20171216144146.00
  21   2017/11/24   16:31:06.160   16.2600   -100.9100    16.30    2.03  0.5637    43.8200      20171216144146.00
  22   2017/11/24   17:43:05.620   16.2600   -100.9100    16.30    2.02  0.4012    31.1900      20171216144146.00
  23   2017/11/24   19:29:39.980   17.2900   -101.3700    19.00    1.81  0.2232    15.6100      20180128221249.00
  24   2017/11/24   19:50:27.520   16.9100   -101.5500    15.00    2.28  0.5763    40.6100      20171123131548.00
  25   2017/11/24   19:56:44.040   16.2600   -100.9100    20.30    1.90  0.3799    29.5300      20171216144146.00
  26   2017/11/24   19:57:06.660   17.1300   -100.2200    43.90    2.55  0.2321    15.6700      20171201083823.00
  27   2017/11/24   20:09:00.200   16.8300   -101.6100    16.10    2.37  0.3756    24.9800      20171123164021.00
  28   2017/11/24   21:46:49.680   16.9000   -100.3400    18.00    2.50  0.3802    25.7200      20180130044035.00
  29   2017/11/24   22:07:44.780   16.8300   -101.6100    16.10    1.96  0.2607    17.3400      20171123164021.00
  30   2017/11/24   22:26:37.040   16.8300   -101.6100    16.10    1.92  0.2448    16.2800      20171123164021.00
  31   2017/11/24   23:05:22.000   17.0400   -100.6500     3.30    3.40  0.9560    69.4800      20171124230522.00
  32   2017/11/24   23:33:21.860   17.4500   -101.4800    31.40    2.38  0.2875    18.7600      20171209150612.00
   1   2017/11/25   00:00:06.180   16.9800   -100.4400    17.00   -2.00  0.3509    23.6200      20180425121256.00
   2   2017/11/25   00:14:17.000   17.4500   -101.4800    31.40    1.69  0.2784    17.9700      20171209150612.00
   3   2017/11/25   01:28:57.960   16.2900   -100.9100    12.30    1.61  0.3193    22.8500      20171216144146.00
   4   2017/11/25   01:43:13.720   16.8800   -101.5600    48.60    2.34  0.3823    26.4700      20171229132449.00
   5   2017/11/25   02:39:32.040   16.8900   -100.2600    21.50    2.68  0.2527    15.7000      20171230095748.00
   6   2017/11/25   04:11:55.540   16.2600   -100.9100    16.30    1.73  0.3824    27.3700      20171216144146.00
   7   2017/11/25   05:18:12.340   17.2600   -101.1100    14.00    2.53  0.2492    18.4100      20180602104053.00
   8   2017/11/25   05:34:07.220   16.2600   -100.9100    16.30    2.38  0.3604    25.7900      20171216144146.00
   9   2017/11/25   06:57:03.000   17.0200   -100.0600     5.00    3.50  0.8995    56.9400      20171125065703.00
  10   2017/11/25   07:10:13.000   16.9800   -100.1800    26.30    3.50  0.9479    54.3700      20171125071013.00
  11   2017/11/25   08:09:10.560   16.3000   -100.7700    10.00    1.89  0.2420    16.9700      20171130213459.00
  12   2017/11/25   08:21:52.000   16.9600   -100.6000     8.90    3.60  0.9641    65.9100      20171125082152.00
  13   2017/11/25   08:36:18.500   16.9100   -100.7900     7.00    1.46  0.2272    15.5900      20180608043253.00
  14   2017/11/25   08:37:10.240   16.2000   -100.9400    12.30    2.25  0.2977    21.3000      20171216144146.00
  15   2017/11/25   08:38:08.900   16.3000   -100.8800    14.00    2.54  0.3131    23.5200      20171207181936.00
  16   2017/11/25   08:55:38.340   16.9600   -100.6000     8.90    1.80  0.2976    20.3500      20171125082152.00
  17   2017/11/25   09:20:40.440   17.2400   -101.1700    44.30    2.03  0.3100    20.4600      20171126040530.00
  18   2017/11/25   09:35:17.400   16.3000   -100.7700    10.00    1.66  0.3851    27.0100      20171130213459.00
  19   2017/11/25   09:59:24.800   16.3000   -100.7700    10.00    1.83  0.2462    17.2700      20171130213459.00
  20   2017/11/25   10:02:51.000   16.4700   -100.9200    13.00    3.60  0.9500    70.0200      20171125100251.00
  21   2017/11/25   10:15:30.380   16.4700   -100.9200    15.00    1.50  0.4538    33.4500      20171125100251.00
  22   2017/11/25   10:24:02.600   17.1800   -101.1400    46.30    2.35  0.2931    19.3500      20171126040530.00
  23   2017/11/25   10:50:39.320   16.3000   -100.8800    20.00    1.70  0.2277    17.1000      20171207181936.00
  24   2017/11/25   11:20:06.360   16.3000   -100.7700    10.00    1.76  0.2263    15.8700      20171130213459.00
  25   2017/11/25   11:20:21.880   16.2400   -100.8800    14.00    1.49  0.2133    16.0200      20171207181936.00
  26   2017/11/25   13:12:47.920   17.1700   -100.0800    34.00    2.57  0.2839    17.2800      20180408060129.00
  27   2017/11/25   13:47:18.280   17.4100   -101.0900    44.60    2.27  0.2242    15.9600      20171127060134.00
  28   2017/11/25   14:51:30.680   16.4700   -100.9200    13.00    2.40  0.7740    57.0500      20171125100251.00
  29   2017/11/25   16:03:02.980   16.2600   -100.9100    16.30    1.92  0.3930    28.1300      20171216144146.00
  30   2017/11/25   16:03:11.620   17.3200   -100.9600     9.00    2.09  0.2595    17.9100      20171203112622.00
  31   2017/11/25   16:19:31.560   17.3200   -101.1500     9.20    2.62  0.2130    16.0500      20180801124118.00
  32   2017/11/25   17:03:30.100   16.4700   -100.9200    11.00    1.83  0.5376    39.6200      20171125100251.00
  33   2017/11/25   17:10:13.900   17.0900   -100.3700    44.30    2.51  0.6118    41.6400      20181005080039.00
  34   2017/11/25   17:56:54.280   16.8600   -100.5800     2.00    2.24  0.2203    15.2300      20181111002016.00
  35   2017/11/25   19:17:59.440   16.4000   -101.0200    20.00    2.29  0.2195    15.3900      20180906023815.00
  36   2017/11/25   19:23:41.740   17.0600   -100.6400     7.00    2.21  0.5714    46.1200      20180329211048.00
  37   2017/11/25   21:37:13.220   17.0300   -100.9200    12.00    2.60  0.8169    55.1700      20171125214424.00
  38   2017/11/25   21:44:24.000   17.0300   -100.9200    12.00    3.60  0.8999    60.7700      20171125214424.00
  39   2017/11/25   22:25:14.360   16.9900   -100.6800     5.00    1.39  0.2536    16.7600      20171121174053.00
  40   2017/11/25   23:55:20.800   17.4200   -101.3300     1.00    0.95  0.3553    24.0200      20181025114119.00
   1   2017/11/26   01:19:56.940   17.0300   -100.9200    12.00    1.23  0.4148    28.9200      20171125214424.00
   2   2017/11/26   01:36:40.660   16.3000   -100.8800    16.00    2.05  0.3998    30.9600      20171207181936.00
   3   2017/11/26   02:00:51.180   17.2700   -101.0400    32.20    1.79  0.2612    18.0900      20171214054549.00
   4   2017/11/26   02:31:35.100   16.8300   -101.6100    16.10    1.90  0.3073    20.4200      20171123164021.00
   5   2017/11/26   03:01:17.700   16.9400   -100.6700     0.00    1.45  0.2122    15.4000      20180608035650.00
   6   2017/11/26   03:39:02.000   17.0300   -100.2100    33.20    3.70  0.9745    67.9900      20171126033902.00
   7   2017/11/26   04:05:30.000   17.2400   -101.1700    46.30    3.40  0.9495    63.2800      20171126040530.00
   8   2017/11/26   04:10:59.440   17.2400   -101.1700    46.30    1.93  0.3022    20.1400      20171126040530.00
   9   2017/11/26   04:23:45.020   16.9400   -100.7000    -2.00    1.49  0.2230    16.1900      20180608035650.00
  10   2017/11/26   05:04:44.000   17.5000   -101.0500    51.20    3.60  0.8930    59.3000      20171126050444.00
  11   2017/11/26   05:45:57.000   17.3400   -101.5900     5.00    4.00  0.9477    61.0400      20171126054557.00
  12   2017/11/26   05:46:51.240   17.3400   -101.5900     5.00    3.12  0.3754    24.1800      20171126054557.00
  13   2017/11/26   05:50:06.520   17.3400   -101.5900     5.00    1.79  0.3135    20.1900      20171126054557.00
  14   2017/11/26   05:53:31.220   17.3400   -101.5900     5.00    1.75  0.2810    18.1000      20171126054557.00
  15   2017/11/26   05:59:00.060   16.2700   -100.8600    19.40    1.80  0.2702    19.4700      20171128230549.00
  16   2017/11/26   07:31:44.360   16.2900   -100.9100    14.30    1.92  0.2114    16.3900      20171216144146.00
  17   2017/11/26   08:18:34.820   17.2400   -101.1700    46.30    1.69  0.3867    25.7700      20171126040530.00
  18   2017/11/26   08:27:46.960   17.3400   -101.5900     5.00    1.34  0.2586    16.6500      20171126054557.00
  19   2017/11/26   09:01:35.440   17.0100   -100.4000    21.20    1.87  0.2878    20.9400      20180930032804.00
  20   2017/11/26   09:17:12.520   17.3400   -101.5900     5.00    2.38  0.6900    44.4400      20171126054557.00
  21   2017/11/26   09:24:31.220   16.2600   -100.9100    16.30    1.49  0.4020    31.1600      20171216144146.00
  22   2017/11/26   09:38:49.840   17.2800   -101.1800    22.00    2.68  0.1943    15.0400      20181113191614.00
  23   2017/11/26   09:51:42.840   16.3000   -100.7700    10.00    1.60  0.2227    16.3800      20171130213459.00
  24   2017/11/26   10:08:43.420   17.2700   -101.0700    36.20    1.74  0.2244    15.5400      20171214054549.00
  25   2017/11/26   10:33:18.760   17.2400   -101.1700    46.30    1.75  0.2836    18.9000      20171126040530.00
  26   2017/11/26   11:17:11.660   16.4500   -100.9200    12.00    2.30  0.4765    35.8100      20180624142808.00
  27   2017/11/26   11:22:49.980   16.3500   -100.3700     5.00    2.23  0.3522    23.8900      20180607193408.00
  28   2017/11/26   12:23:14.000   17.0800   -101.5200    16.60    4.60  0.9596    69.5700      20171126122314.00
  29   2017/11/26   12:27:39.800   17.1700   -101.4300    18.00    2.36  0.3296    23.2800      20180602154028.00
  30   2017/11/26   12:31:46.240   17.1300   -101.4200    16.50    2.27  0.4218    24.3900      20171126133623.00
  31   2017/11/26   12:32:12.420   17.1300   -101.4200    16.50    2.24  0.3835    22.1700      20171126133623.00
  32   2017/11/26   13:32:19.000   17.1800   -100.3300    46.00    3.50  0.7863    50.4800      20171126133219.00
  33   2017/11/26   13:36:23.020   17.1300   -101.4200    16.50    3.30  0.8070    46.6600      20171126133623.00
  34   2017/11/26   14:50:52.320   16.2600   -100.9100    16.30    3.06  0.3050    23.6400      20171216144146.00
  35   2017/11/26   15:37:37.700   17.2800   -100.9300    48.00    1.73  0.2971    23.0800      20180323152016.00
  36   2017/11/26   17:21:51.380   17.7200   -101.6700    34.10    3.06  0.2930    22.8200      20180730060110.00
  37   2017/11/26   18:04:58.840   17.2000   -101.0800     5.00    1.76  0.3016    20.5700      20171203112622.00
  38   2017/11/26   18:31:38.140   17.1300   -101.4200    16.50    2.32  0.3432    19.8500      20171126133623.00
  39   2017/11/26   18:39:42.320   17.1700   -101.4300    18.00    1.82  0.3426    24.1900      20180602154028.00
  40   2017/11/26   18:57:45.000   17.0600   -100.1300    47.50    3.70  0.9609    65.6700      20171126185745.00
  41   2017/11/26   19:00:33.840   16.2900   -100.9100    12.30    1.51  0.2923    22.6600      20171216144146.00
  42   2017/11/26   19:12:44.940   17.6100   -101.3900    47.60    2.11  0.3043    20.6400      20171121143004.00
  43   2017/11/26   20:18:39.780   16.9300   -100.3700    24.00    2.30  0.2397    15.8800      20180726005704.00
  44   2017/11/26   22:19:55.920   17.0300   -100.3100    24.00    3.07  0.6405    45.0800      20180126160135.00
  45   2017/11/26   23:21:23.980   17.1400   -100.1200    46.00    1.97  0.2058    15.1100      20180117232459.00
  46   2017/11/26   23:29:06.820   16.2700   -100.8600    19.40    1.15  0.2874    20.7100      20171128230549.00
  47   2017/11/26   23:36:52.840   16.2700   -100.8600    19.40    1.43  0.5055    36.4200      20171128230549.00
   1   2017/11/27   01:15:43.480   17.1700   -100.3900    40.00    2.33  0.3105    23.1400      20180604032311.00
   2   2017/11/27   01:42:55.360   16.2000   -100.9400    12.30    2.19  0.3323    24.6000      20171216144146.00
   3   2017/11/27   01:48:38.560   16.8500   -101.6600    14.00    1.83  0.2369    17.2300      20180303090607.00
   4   2017/11/27   02:08:57.320   17.3000   -101.0700    36.20    2.82  0.2203    15.3000      20171214054549.00
   5   2017/11/27   02:44:33.480   16.2600   -100.9100    16.30    1.57  0.3300    24.4300      20171216144146.00
   6   2017/11/27   02:52:22.760   17.2400   -101.4200    12.20    1.46  0.2432    15.6200      20180817025302.00
   7   2017/11/27   02:58:50.160   17.0300   -100.3100    24.00    2.18  0.4316    30.1000      20180126160135.00
   8   2017/11/27   04:14:14.260   16.3000   -100.7700    10.00    1.68  0.3040    21.2600      20171130213459.00
   9   2017/11/27   04:26:56.600   16.8800   -100.7900     5.00    1.56  0.2015    16.4500      20180608043253.00
  10   2017/11/27   04:33:55.100   17.3800   -101.0900    17.20    2.69  0.2236    17.3000      20180801124118.00
  11   2017/11/27   04:55:10.660   17.0600   -100.7600    38.60    3.51  0.6983    50.5900      20171129002058.00
  12   2017/11/27   06:01:34.020   17.4700   -101.0900    44.60    3.50  0.8309    60.2700      20171127060134.00
  13   2017/11/27   06:15:14.440   17.2400   -101.1700    46.30    1.78  0.3695    24.4700      20171126040530.00
  14   2017/11/27   06:15:50.520   17.1900   -101.4400    11.00    1.54  0.2459    17.2100      20180602153047.00
  15   2017/11/27   06:46:15.140   17.1900   -101.4400    11.00    1.73  0.4177    29.2300      20180602153047.00
  16   2017/11/27   06:50:00.500   17.1900   -101.4400    11.00    1.57  0.2778    19.4300      20180602153047.00
  17   2017/11/27   06:54:52.980   16.2600   -100.9100    16.30    1.49  0.3088    22.8600      20171216144146.00
  18   2017/11/27   06:55:59.260   17.1900   -101.4400    11.00    1.82  0.5134    35.9200      20180602153047.00
  19   2017/11/27   08:06:54.560   16.9600   -100.6800     7.00    1.20  0.2139    15.3400      20171121174053.00
  20   2017/11/27   08:16:37.360   16.2600   -100.9100    16.30    2.03  0.2569    19.0200      20171216144146.00
  21   2017/11/27   08:18:32.560   17.2500   -101.6300    12.00    2.31  0.2389    15.7800      20180823073727.00
  22   2017/11/27   10:05:36.500   16.9600   -100.6000     8.90    1.99  0.4696    32.6700      20171125082152.00
  23   2017/11/27   10:25:08.400   16.2600   -100.9100    16.30    2.77  0.4455    32.9800      20171216144146.00
  24   2017/11/27   12:15:08.300   17.3600   -101.1900    35.70    1.88  0.2082    15.4000      20180720025924.00
  25   2017/11/27   12:48:19.040   17.0700   -101.0800    40.00    2.84  0.2542    19.3800      20180617024722.00
  26   2017/11/27   13:39:59.640   16.2600   -100.9100    16.30    1.82  0.3809    28.2000      20171216144146.00
  27   2017/11/27   13:42:03.060   16.2600   -100.9100    20.30    1.77  0.3027    22.4100      20171216144146.00
  28   2017/11/27   13:49:47.420   16.2700   -100.8600    19.40    1.63  0.3981    28.0000      20171128230549.00
  29   2017/11/27   13:50:09.180   16.2600   -100.9100    16.30    1.85  0.4067    30.1000      20171216144146.00
  30   2017/11/27   14:04:16.040   17.0300   -100.7600    -2.00    1.25  0.2011    15.7500      20180608035650.00
  31   2017/11/27   14:53:02.180   16.7600   -100.1600     8.00    3.11  0.4921    35.5100      20180617150033.00
  32   2017/11/27   15:13:08.780   16.3000   -100.7700    10.00    1.79  0.3613    25.2600      20171130213459.00
  33   2017/11/27   15:24:50.920   16.3000   -100.7700    10.00    1.82  0.2415    16.8800      20171130213459.00
  34   2017/11/27   15:59:57.000   16.2600   -100.9100    16.30    1.73  0.4816    35.6500      20171216144146.00
  35   2017/11/27   16:21:36.140   16.2600   -100.9100    16.30    2.07  0.6439    47.6600      20171216144146.00
  36   2017/11/27   16:23:42.460   16.9700   -100.7300    -2.00    1.18  0.2060    16.1300      20180608035650.00
  37   2017/11/27   16:29:30.960   16.2600   -100.9100    16.30    1.92  0.5604    41.4800      20171216144146.00
  38   2017/11/27   16:31:07.240   16.2600   -100.9100    20.30    1.47  0.2283    16.9000      20171216144146.00
  39   2017/11/27   16:32:13.640   16.2000   -100.9400    12.30    1.55  0.2089    15.4700      20171216144146.00
  40   2017/11/27   16:38:26.340   16.3000   -100.7700    10.00    1.97  0.6263    43.7900      20171130213459.00
  41   2017/11/27   16:42:14.920   16.2600   -100.9100    16.30    1.68  0.4987    36.9200      20171216144146.00
  42   2017/11/27   16:55:46.620   16.3000   -100.7700    10.00    2.01  0.5631    39.3700      20171130213459.00
  43   2017/11/27   17:01:16.000   16.4000   -101.1100    12.00    2.21  0.2141    16.0600      20180906023815.00
  44   2017/11/27   17:19:14.820   16.3000   -100.7400    10.00    1.91  0.3094    21.6300      20171130213459.00
  45   2017/11/27   17:46:45.300   17.6400   -101.1800     5.00    2.22  0.2850    18.9700      20171201025049.00
  46   2017/11/27   18:27:48.900   17.1900   -100.3500     7.00    1.98  0.2765    20.8600      20180809105016.00
  47   2017/11/27   18:57:02.500   16.2600   -100.9100    16.30    2.18  0.3274    24.2400      20171216144146.00
  48   2017/11/27   19:03:30.540   16.2700   -100.8600    19.40    2.06  0.2793    19.6400      20171128230549.00
  49   2017/11/27   19:15:04.520   16.2700   -100.8600    19.40    2.15  0.6450    45.3600      20171128230549.00
  50   2017/11/27   20:05:50.180   16.7300   -101.5000    16.10    3.30  0.7310    50.2700      20171211071804.00
  51   2017/11/27   20:47:56.880   16.8500   -101.5900    16.10    2.09  0.5573    37.7700      20171229143047.00
  52   2017/11/27   20:51:40.540   16.9100   -100.7000    -2.00    1.58  0.2038    15.9600      20180608035650.00
  53   2017/11/27   21:50:53.440   16.7300   -101.5000    16.10    1.84  0.2635    18.1200      20171211071804.00
  54   2017/11/27   22:49:28.560   16.7300   -101.5000    16.10    2.54  0.7266    49.9700      20171211071804.00
  55   2017/11/27   23:04:17.580   17.0000   -100.6700     6.00    1.06  0.2114    16.5500      20180608035650.00
  56   2017/11/27   23:43:36.560   16.7300   -101.5000    16.10    1.59  0.7065    48.5900      20171211071804.00
   1   2017/11/28   00:07:15.180   16.7300   -101.5000    16.10    1.75  0.6104    43.6100      20171211071804.00
   2   2017/11/28   00:16:29.560   17.2400   -101.1700    46.30    0.71  0.3737    25.4900      20171126040530.00
   3   2017/11/28   00:24:37.780   16.9600   -100.4800     1.00    1.49  0.2198    16.3100      20180620032054.00
   4   2017/11/28   00:29:10.600   17.0700   -100.6300     5.80    1.16  0.2274    17.5700      20180826173344.00
   5   2017/11/28   00:56:26.360   16.2700   -100.8600    19.40    1.37  0.2845    21.8500      20171128230549.00
   6   2017/11/28   00:57:20.320   16.2700   -100.8600    19.40    1.47  0.2229    17.1200      20171128230549.00
   7   2017/11/28   02:25:48.900   16.2600   -100.9100    16.30    1.99  0.3625    28.1600      20171216144146.00
   8   2017/11/28   02:50:04.000   17.2700   -101.4200    16.70    3.60  1.0000    67.9900      20171128025004.00
   9   2017/11/28   02:59:26.420   16.2700   -100.8600    19.40    1.50  0.4109    31.5500      20171128230549.00
  10   2017/11/28   03:10:18.180   17.0000   -100.7900     9.00    1.48  0.1897    15.2100      20180608043253.00
  11   2017/11/28   03:17:45.300   17.2700   -101.4200    16.70    1.41  0.3857    26.2200      20171128025004.00
  12   2017/11/28   03:33:59.960   16.2700   -100.8600    19.40    2.05  0.7073    54.3000      20171128230549.00
  13   2017/11/28   03:35:03.120   16.2700   -100.8600    19.40    1.84  0.5733    44.0200      20171128230549.00
  14   2017/11/28   03:37:37.020   17.2700   -101.4200    16.70    1.50  0.2878    19.5600      20171128025004.00
  15   2017/11/28   03:40:44.340   16.9100   -101.5500    15.00    1.79  0.2704    18.5600      20171123131548.00
  16   2017/11/28   05:30:42.060   16.2700   -100.8600    19.40    1.65  0.3768    28.9300      20171128230549.00
  17   2017/11/28   06:46:29.480   17.4400   -101.5100     4.80    2.46  0.2856    21.4100      20180929112959.00
  18   2017/11/28   07:09:02.500   16.5500   -101.1300     6.00    1.41  0.1950    15.1900      20180313213048.00
  19   2017/11/28   08:33:52.240   16.2600   -100.9100    20.30    2.56  0.3301    25.6500      20171216144146.00
  20   2017/11/28   10:12:14.620   16.2000   -100.9100    14.30    1.83  0.2622    20.3700      20171216144146.00
  21   2017/11/28   10:13:47.940   16.2700   -100.8600    19.40    1.43  0.1994    15.3100      20171128230549.00
  22   2017/11/28   10:27:39.100   16.2000   -100.9100    14.30    1.77  0.2503    19.4500      20171216144146.00
  23   2017/11/28   11:32:47.260   16.8600   -101.5200    18.10    2.01  0.2656    17.5600      20171123164021.00
  24   2017/11/28   11:59:42.360   16.2700   -100.8900    21.40    2.10  0.2217    17.0200      20171128230549.00
  25   2017/11/28   13:34:43.560   17.4000   -101.0800    21.00    1.39  0.2067    16.1500      20181002020743.00
  26   2017/11/28   14:14:20.280   16.9300   -100.4000    24.00    2.45  0.2420    16.2500      20180726005704.00
  27   2017/11/28   14:18:28.120   17.3900   -101.3700    11.90    1.74  0.3510    25.1300      20180915145533.00
  28   2017/11/28   14:29:42.620   17.2000   -101.0800     3.00    1.58  0.2262    15.9400      20171203112622.00
  29   2017/11/28   14:37:52.780   16.2300   -100.9100    20.30    1.47  0.2229    17.3200      20171216144146.00
  30   2017/11/28   14:54:22.140   16.9700   -100.7600     1.00    1.14  0.1882    15.0800      20180608043253.00
  31   2017/11/28   14:58:05.280   17.1500   -100.7600    13.30    3.18  0.8340    68.3600      20180925123753.00
  32   2017/11/28   15:02:21.720   17.1500   -100.7600    13.30    1.64  0.4793    39.2900      20180925123753.00
  33   2017/11/28   15:05:08.820   16.8600   -100.5800     2.00    2.73  0.2376    17.9200      20181111002016.00
  34   2017/11/28   15:27:57.680   17.2400   -101.3300     8.20    1.41  0.2544    15.6500      20180817025302.00
  35   2017/11/28   16:03:59.300   17.2600   -101.0200     5.00    1.43  0.2943    20.7300      20171203112622.00
  36   2017/11/28   16:25:33.180   16.7400   -100.7400    20.00    2.86  0.2923    21.4300      20180112042810.00
  37   2017/11/28   16:45:04.680   16.8800   -100.7600     3.00    1.18  0.2080    16.6700      20180608043253.00
  38   2017/11/28   16:46:17.400   16.3000   -100.7700    10.00    1.62  0.5130    37.2700      20171130213459.00
  39   2017/11/28   16:49:12.460   16.9700   -100.7300     1.00    1.28  0.1935    15.5100      20180608043253.00
  40   2017/11/28   17:27:46.640   16.2700   -100.8600    19.40    1.54  0.4846    37.2000      20171128230549.00
  41   2017/11/28   17:44:26.460   16.4600   -101.0500    18.00    3.15  0.2558    19.1800      20180906023815.00
  42   2017/11/28   17:51:13.920   17.1800   -101.0700    40.20    1.68  0.2160    15.3500      20171214054549.00
  43   2017/11/28   17:51:20.720   17.2400   -101.3300    10.20    1.44  0.2475    15.2200      20180817025302.00
  44   2017/11/28   18:24:46.000   17.1800   -100.3400    41.00    3.40  0.9417    66.8500      20171128182446.00
  45   2017/11/28   19:18:12.180   16.9100   -100.6700     3.00    1.40  0.1963    15.7300      20180608043253.00
  46   2017/11/28   20:01:10.940   17.2500   -100.6500    12.00    1.99  0.2280    17.5900      20180814084337.00
  47   2017/11/28   20:48:46.160   17.4100   -101.0600     3.00    2.23  0.2165    17.2400      20180524090333.00
  48   2017/11/28   21:06:45.460   17.2900   -101.0500    25.00    4.02  0.2131    15.0300      20171209235329.00
  49   2017/11/28   21:06:52.220   17.2400   -101.3300    12.20    2.17  0.2550    15.6800      20180817025302.00
  50   2017/11/28   22:03:28.000   17.4700   -101.2200    20.00    3.70  1.0000    69.8500      20171128220328.00
  51   2017/11/28   22:25:28.820   16.9700   -100.7900     7.00    1.60  0.1931    15.4800      20180608043253.00
  52   2017/11/28   22:28:03.040   16.2600   -100.9100    16.30    1.78  0.3873    30.0900      20171216144146.00
  53   2017/11/28   22:49:08.680   16.8800   -101.5300    46.60    2.27  0.3063    21.8300      20171229132449.00
  54   2017/11/28   23:03:46.320   16.2700   -100.8600    19.40    2.38  0.7781    59.7400      20171128230549.00
  55   2017/11/28   23:05:49.000   16.2700   -100.8600    19.40    3.90  0.8516    65.3800      20171128230549.00
  56   2017/11/28   23:06:51.420   16.2700   -100.8600    19.40    2.93  0.3561    27.3400      20171128230549.00
  57   2017/11/28   23:25:00.360   16.2700   -100.8600    19.40    1.31  0.3288    25.2500      20171128230549.00
  58   2017/11/28   23:51:07.200   16.8800   -100.7000     1.00    0.17  0.1955    15.6700      20180608043253.00
  59   2017/11/28   23:52:12.180   16.2700   -100.8600    19.40    0.18  0.4434    34.0400      20171128230549.00
  60   2017/11/28   23:52:25.620   16.2700   -100.8600    19.40    0.09  0.3841    29.4900      20171128230549.00
  61   2017/11/28   23:52:42.840   16.2600   -100.9100    16.30    0.08  0.3048    23.6800      20171216144146.00
  62   2017/11/28   23:54:05.520   16.2700   -100.8600    19.40   -0.19  0.3837    29.4600      20171128230549.00
  63   2017/11/28   23:57:22.160   16.2700   -100.8600    19.40   -1.06  0.2423    18.6100      20171128230549.00
   1   2017/11/29   00:14:16.940   16.2700   -100.8600    19.40    0.65  0.2488    18.0700      20171128230549.00
   2   2017/11/29   00:20:58.000   17.0600   -100.7600    38.60    3.50  0.8622    61.5100      20171129002058.00
   3   2017/11/29   00:31:24.040   16.2700   -100.8600    19.40    1.42  0.2961    21.5100      20171128230549.00
   4   2017/11/29   00:47:27.080   16.3000   -100.7400    10.00    1.72  0.2339    16.8100      20171130213459.00
   5   2017/11/29   00:58:12.680   16.2700   -100.8600    19.40    2.31  0.5269    38.2700      20171128230549.00
   6   2017/11/29   01:18:14.500   16.8800   -101.5300    46.60    2.04  0.2324    16.9600      20171229132449.00
   7   2017/11/29   01:29:27.020   17.1900   -100.3500     5.00    1.72  0.2217    16.2000      20180809105016.00
   8   2017/11/29   01:31:28.700   16.2000   -100.9100    14.30    1.62  0.2153    15.6300      20171216144146.00
   9   2017/11/29   02:06:03.320   16.2700   -100.8600    19.40    1.62  0.4871    35.3800      20171128230549.00
  10   2017/11/29   02:07:56.220   16.2700   -100.8600    19.40    1.93  0.4084    29.6700      20171128230549.00
  11   2017/11/29   02:47:56.420   16.2700   -100.8600    19.40    1.63  0.2761    20.0500      20171128230549.00
  12   2017/11/29   03:10:19.520   16.2600   -100.9100    16.30    1.41  0.2196    15.9400      20171216144146.00
  13   2017/11/29   03:35:16.000   17.2700   -100.2000    51.90    3.80  0.9129    62.0200      20171129033516.00
  14   2017/11/29   03:42:32.440   16.3000   -100.7700    10.00    1.64  0.3209    23.0600      20171130213459.00
  15   2017/11/29   05:10:58.060   16.2700   -100.8600    19.40    1.75  0.3035    22.0400      20171128230549.00
  16   2017/11/29   05:53:58.800   16.2700   -100.8600    19.40    1.78  0.2639    19.1700      20171128230549.00
  17   2017/11/29   05:56:46.000   17.4400   -101.5300    27.30    3.60  0.8024    54.5500      20171129055646.00
  18   2017/11/29   06:48:41.000   16.8900   -100.3700     7.00    3.40  0.9807    63.8100      20171129064841.00
  19   2017/11/29   06:52:39.520   16.8900   -100.3700     7.00    1.77  0.3918    25.4900      20171129064841.00
  20   2017/11/29   06:53:08.100   17.2500   -101.4400     5.00    1.82  0.2671    15.1600      20180204012610.00
  21   2017/11/29   07:51:27.160   17.2600   -101.0800     5.00    2.44  0.2219    15.1800      20171203112622.00
  22   2017/11/29   08:06:21.900   17.6500   -101.1500    49.30    1.25  0.2169    15.5400      20171225195732.00
  23   2017/11/29   08:26:20.020   16.2600   -100.9100    16.30    1.80  0.3851    27.9600      20171216144146.00
  24   2017/11/29   09:44:01.440   16.2600   -100.9100    16.30    1.88  0.2877    20.8900      20171216144146.00
  25   2017/11/29   09:50:17.280   17.4600   -101.2300    30.60    4.31  0.2191    15.0700      20171123154045.00
  26   2017/11/29   09:50:25.000   17.2900   -100.8900    30.00    3.70  0.9518    65.9200      20171129095025.00
  27   2017/11/29   11:05:41.200   16.2700   -100.8600    19.40    1.57  0.2898    21.0500      20171128230549.00
  28   2017/11/29   12:13:04.040   16.9000   -100.2600     5.00    3.18  0.6995    45.1700      20181016233838.00
  29   2017/11/29   12:18:18.160   16.2700   -100.8600    19.40    1.76  0.3139    22.8000      20171128230549.00
  30   2017/11/29   13:30:31.080   17.0000   -100.7300     6.00    1.30  0.2427    17.7900      20180608035650.00
  31   2017/11/29   13:58:03.840   16.9900   -100.6800     5.00    1.56  0.2665    18.4400      20171121174053.00
  32   2017/11/29   14:08:21.400   16.2700   -100.8600    19.40    2.03  0.3237    23.5100      20171128230549.00
  33   2017/11/29   14:36:16.220   16.3000   -100.7700    10.00    1.84  0.5418    38.9400      20171130213459.00
  34   2017/11/29   14:45:07.120   16.3000   -100.7700    10.00    1.94  0.5860    42.1200      20171130213459.00
  35   2017/11/29   14:54:52.360   16.3000   -100.7700    10.00    2.07  0.5947    42.7400      20171130213459.00
  36   2017/11/29   15:01:05.280   16.3000   -100.7700    10.00    1.67  0.2294    16.4900      20171130213459.00
  37   2017/11/29   15:09:30.320   16.9000   -100.4600     1.00    1.77  0.3070    17.4800      20180419205910.00
  38   2017/11/29   15:17:19.380   16.3000   -100.7700    10.00    1.85  0.3227    23.2000      20171130213459.00
  39   2017/11/29   15:21:21.520   17.3200   -101.0500     9.00    1.88  0.2393    16.3700      20171203112622.00
  40   2017/11/29   15:45:42.460   16.2700   -100.8600    19.40    1.71  0.2417    17.5600      20171128230549.00
  41   2017/11/29   16:01:25.380   16.7600   -100.1000    18.00    3.41  0.2290    15.1400      20180104110002.00
  42   2017/11/29   16:54:19.100   16.3000   -100.7700    10.00    2.94  0.8974    64.5000      20171130213459.00
  43   2017/11/29   17:04:52.660   16.9000   -100.4000     7.00    1.88  0.2731    15.5600      20180419205910.00
  44   2017/11/29   17:19:42.880   17.3600   -101.5700     1.40    2.44  0.2932    18.5100      20180727102152.00
  45   2017/11/29   17:39:22.540   16.3000   -100.7700    10.00    2.13  0.4742    34.0900      20171130213459.00
  46   2017/11/29   17:45:55.420   17.2200   -101.4700     3.00    3.06  0.2649    15.0300      20180204012610.00
  47   2017/11/29   17:52:49.000   17.4800   -101.1600    44.10    3.80  0.9597    71.9000      20171129175249.00
  48   2017/11/29   17:55:57.760   16.3000   -100.7700    10.00    2.06  0.2741    19.7000      20171130213459.00
  49   2017/11/29   18:15:51.580   16.3000   -100.7700    10.00    1.94  0.5395    38.7800      20171130213459.00
  50   2017/11/29   18:43:15.100   16.7000   -101.5300    16.10    2.25  0.2484    18.0600      20171211071804.00
  51   2017/11/29   19:02:52.980   16.3000   -100.7700    10.00    1.75  0.3018    21.6900      20171130213459.00
  52   2017/11/29   19:24:28.580   17.2300   -101.0800    14.00    1.78  0.2009    15.1900      20180602104053.00
  53   2017/11/29   19:33:25.620   16.3000   -100.7700    10.00    1.65  0.2208    15.8700      20171130213459.00
  54   2017/11/29   19:35:45.560   16.3000   -100.7700    10.00    1.67  0.2266    16.2900      20171130213459.00
  55   2017/11/29   20:22:39.840   17.2400   -101.1700    46.30    1.79  0.3761    26.0500      20171126040530.00
  56   2017/11/29   20:35:11.700   16.3000   -100.7700    10.00    1.76  0.2673    19.2100      20171130213459.00
  57   2017/11/29   20:35:57.720   17.2400   -101.3300     4.20    1.94  0.2657    15.5000      20180817025302.00
  58   2017/11/29   21:03:10.280   17.4400   -101.5300    27.30    2.45  0.3186    21.6600      20171129055646.00
  59   2017/11/29   21:33:46.640   17.2100   -101.1000    10.20    1.64  0.2277    18.1300      20180716135840.00
  60   2017/11/29   23:09:10.440   17.1800   -101.1700    44.30    1.75  0.2911    20.1700      20171126040530.00
  61   2017/11/29   23:11:38.000   16.8600   -100.0500    27.60    3.60  0.9169    62.2400      20171129231138.00
  62   2017/11/29   23:17:07.080   16.8300   -101.5800    16.10    1.49  0.2321    16.6800      20171123164021.00
  63   2017/11/29   23:48:59.300   17.3400   -101.6000    14.00    0.92  0.2231    15.1000      20180823073727.00
   1   2017/11/30   00:01:31.660   17.7200   -100.2200   111.40    0.82  0.2696    20.0200      20180730221016.00
   2   2017/11/30   00:26:25.720   17.5800   -101.3600    45.60    1.66  0.3468    22.2800      20171121143004.00
   3   2017/11/30   00:31:51.100   16.2700   -100.8600    19.40    1.33  0.2882    20.1800      20171128230549.00
   4   2017/11/30   00:32:28.860   17.5800   -101.3600    45.60    2.29  0.3438    22.0900      20171121143004.00
   5   2017/11/30   00:59:59.060   17.3200   -101.1400    10.00    2.18  0.1967    15.3900      20180602104053.00
   6   2017/11/30   02:07:16.600   16.8800   -100.7000     1.00    1.37  0.2117    15.4000      20180608043253.00
   7   2017/11/30   02:13:33.800   17.2400   -101.1700    46.30    1.59  0.3499    23.3600      20171126040530.00
   8   2017/11/30   02:28:07.300   16.9100   -100.7900     9.00    1.11  0.2159    15.7100      20180608043253.00
   9   2017/11/30   02:31:20.520   16.2700   -100.8600    19.40    2.53  0.4865    34.0600      20171128230549.00
  10   2017/11/30   03:07:00.200   17.0900   -100.6400    11.00    2.24  0.2524    20.0000      20180329211048.00
  11   2017/11/30   04:38:41.760   16.8700   -100.4000     9.00    2.15  0.2713    15.5200      20180419205910.00
  12   2017/11/30   05:18:19.460   17.3400   -101.6000    14.00    2.38  0.2470    15.5300      20180823073727.00
  13   2017/11/30   05:29:21.920   16.2700   -100.8600    19.40    1.47  0.2361    16.5300      20171128230549.00
  14   2017/11/30   07:22:11.540   16.2000   -100.9400    12.30    1.63  0.2428    17.1200      20171216144146.00
  15   2017/11/30   08:06:19.220   16.8300   -101.5800    20.10    1.90  0.2465    15.7700      20171123164021.00
  16   2017/11/30   08:18:43.320   16.5900   -100.5000     5.00    2.23  0.4963    35.5700      20180306030015.00
  17   2017/11/30   10:12:29.560   17.3900   -101.5100    35.40    2.50  0.2740    18.1300      20171209150612.00
  18   2017/11/30   10:37:49.020   16.3000   -100.7700    10.00    1.76  0.2261    15.3500      20171130213459.00
  19   2017/11/30   10:53:13.640   17.2000   -100.9900     1.00    1.72  0.2222    15.0700      20171203112622.00
  20   2017/11/30   13:41:56.000   17.1200   -100.2400    39.50    3.00  0.9448    53.0800      20171130134156.00
  21   2017/11/30   13:42:28.120   17.1200   -100.2400    39.50    2.18  0.4406    24.7500      20171130134156.00
  22   2017/11/30   13:54:13.460   17.2400   -101.3300    12.20    2.35  0.2532    15.4100      20180817025302.00
  23   2017/11/30   14:16:26.960   17.1200   -100.2400    39.50    1.86  0.3054    17.1600      20171130134156.00
  24   2017/11/30   14:33:31.440   17.1100   -101.5800    14.00    2.41  0.2398    16.1400      20181023035948.00
  25   2017/11/30   14:43:19.600   16.8800   -100.5500     9.60    3.03  0.2227    15.3300      20171220141145.00
  26   2017/11/30   16:31:29.860   17.3200   -101.1100    14.00    1.85  0.1937    15.1600      20180602104053.00
  27   2017/11/30   16:50:24.840   16.3000   -100.7700    10.00    1.79  0.4529    30.7500      20171130213459.00
  28   2017/11/30   17:18:36.980   16.2700   -100.8600    19.40    2.05  0.3684    25.8000      20171128230549.00
  29   2017/11/30   17:23:15.200   16.3000   -100.7700    10.00    2.27  0.6972    47.3400      20171130213459.00
  30   2017/11/30   17:24:06.920   16.3000   -100.7700    10.00    1.84  0.2749    18.6700      20171130213459.00
  31   2017/11/30   17:25:17.140   16.3000   -100.7700    10.00    1.74  0.3684    25.0100      20171130213459.00
  32   2017/11/30   17:28:56.540   16.3000   -100.7700    10.00    1.76  0.2346    15.9300      20171130213459.00
  33   2017/11/30   17:31:46.100   16.3000   -100.7700    10.00    1.76  0.3036    20.6100      20171130213459.00
  34   2017/11/30   17:32:05.140   16.3000   -100.7700    10.00    1.74  0.2887    19.6000      20171130213459.00
  35   2017/11/30   17:42:48.420   16.9700   -100.6700    31.00    1.68  0.2087    16.1400      20180616150312.00
  36   2017/11/30   18:02:59.100   16.3000   -100.7700    10.00    1.81  0.3714    25.2200      20171130213459.00
  37   2017/11/30   18:07:01.420   16.3000   -100.7700    10.00    1.83  0.2955    20.0600      20171130213459.00
  38   2017/11/30   18:07:33.320   16.3000   -100.7700    10.00    1.81  0.4448    30.2100      20171130213459.00
  39   2017/11/30   18:11:56.280   16.3000   -100.7700    10.00    1.69  0.3277    22.2500      20171130213459.00
  40   2017/11/30   18:48:01.180   16.3000   -100.7700    10.00    1.73  0.2612    17.7300      20171130213459.00
  41   2017/11/30   19:30:38.440   17.6100   -101.3700    43.20    2.65  0.3429    22.2700      20171216091645.00
  42   2017/11/30   19:42:41.400   17.2200   -101.4700    15.00    1.64  0.2275    15.7900      20180602153047.00
  43   2017/11/30   20:56:34.440   16.3000   -100.7700    10.00    3.23  0.8664    58.8300      20171130213459.00
  44   2017/11/30   21:00:11.500   16.3000   -100.7700    10.00    1.93  0.4274    29.0200      20171130213459.00
  45   2017/11/30   21:00:18.340   16.3000   -100.7700    10.00    1.93  0.4127    28.0200      20171130213459.00
  46   2017/11/30   21:07:17.260   16.3000   -100.7700    10.00    1.81  0.2696    18.3100      20171130213459.00
  47   2017/11/30   21:09:40.480   16.3000   -100.7700    10.00    1.81  0.2758    18.7300      20171130213459.00
  48   2017/11/30   21:34:59.000   16.3000   -100.7700    10.00    3.70  1.0000    67.9000      20171130213459.00
  49   2017/11/30   21:37:10.460   16.3000   -100.7700    10.00    1.97  0.2912    19.7700      20171130213459.00
  50   2017/11/30   21:37:54.280   16.3000   -100.7700    10.00    1.97  0.5394    36.6200      20171130213459.00
  51   2017/11/30   21:46:24.320   16.3000   -100.7700    10.00    1.94  0.4204    28.5400      20171130213459.00
  52   2017/11/30   21:52:32.180   16.3000   -100.7700    10.00    3.61  0.8627    58.5800      20171130213459.00
  53   2017/11/30   21:54:30.640   16.3000   -100.7700    10.00    2.00  0.3574    24.2700      20171130213459.00
  54   2017/11/30   22:01:09.780   17.1900   -100.3500     5.00    2.77  0.5465    40.4600      20180809105016.00
  55   2017/11/30   22:23:18.540   16.3000   -100.7700    10.00    1.83  0.2620    17.7900      20171130213459.00
  56   2017/11/30   22:47:43.020   16.3000   -100.7700    10.00    1.85  0.2963    20.1200      20171130213459.00
  57   2017/11/30   23:03:03.000   17.1600   -100.3700    38.20    3.00  1.0000    61.6100      20171130230303.00
  58   2017/11/30   23:04:45.400   17.0000   -100.7600     7.00    1.49  0.2093    15.2300      20180608043253.00
