   1   2018/11/01   01:31:18.680   17.1600   -100.5300    42.90    1.98  0.1880    15.3900      20181026110953.00
   2   2018/11/01   02:02:23.000   17.2300   -100.4800    48.00    3.50  0.9559    71.3700      20181101020223.00
   3   2018/11/01   02:58:48.760   17.2400   -100.9800    10.20    1.76  0.1896    15.2400      20180716135840.00
   4   2018/11/01   04:17:56.720   17.3500   -101.0500    12.00    1.93  0.1965    15.0800      20180602104053.00
   5   2018/11/01   06:00:54.000   16.9500   -100.7600     5.70    2.10  0.5778    44.2000      20181028225625.00
   6   2018/11/01   06:08:27.760   17.3000   -101.1400    48.30    1.88  0.2223    18.2700      20171126040530.00
   7   2018/11/01   08:43:24.280   17.6900   -101.3800    56.00    3.03  0.1833    15.1800      20180213100340.00
   8   2018/11/01   08:43:40.260   17.2700   -101.5500     3.00    3.48  0.2457    16.5200      20171214115235.00
   9   2018/11/01   08:55:36.000   17.1100   -100.0400    10.00    3.40  0.9317    62.5900      20181101085536.00
  10   2018/11/01   09:13:56.880   16.8200   -100.1300     9.00    2.84  0.2269    15.6300      20180912134159.00
  11   2018/11/01   09:52:32.180   17.2400   -101.1700    46.30    2.26  0.3451    28.3700      20171126040530.00
  12   2018/11/01   09:52:39.360   17.2500   -101.6000    12.00    2.47  0.2122    15.4600      20180823073727.00
  13   2018/11/01   12:33:20.140   17.3100   -101.5400     8.00    2.62  0.2177    15.8600      20180823073727.00
  14   2018/11/01   15:19:32.600   17.2700   -101.4200     9.00    1.95  0.3302    17.3300      20181009120826.00
  15   2018/11/01   15:24:34.120   16.8800   -100.7900     9.00    1.43  0.2015    15.3100      20180608043253.00
  16   2018/11/01   16:17:40.380   17.2100   -101.0700    34.20    1.69  0.2474    19.8100      20171214054549.00
  17   2018/11/01   17:37:44.580   17.3200   -100.9900     7.00    1.92  0.1992    16.1800      20171203112622.00
  18   2018/11/01   17:40:36.980   17.2900   -101.0200     7.00    2.04  0.2265    18.4000      20171203112622.00
  19   2018/11/01   20:14:16.220   17.0000   -100.7600     3.00    1.70  0.2176    16.5300      20180608043253.00
  20   2018/11/01   22:07:38.360   17.1200   -101.1100    16.10    2.53  0.2233    16.7400      20180915055856.00
  21   2018/11/01   22:55:03.100   17.7200   -100.2200   111.40    3.36  0.2243    15.0100      20180730221016.00
   1   2018/11/02   00:34:43.540   17.4100   -101.0900     9.20    3.61  0.1939    15.1100      20180801124118.00
   2   2018/11/02   00:34:55.000   17.3800   -100.7200     8.00    4.00  0.9691    79.9900      20181102003455.00
   3   2018/11/02   00:58:20.320   17.2900   -101.0200     5.00    1.85  0.2116    18.0000      20171203112622.00
   4   2018/11/02   01:11:30.980   17.3200   -101.0800    10.00    1.78  0.2064    16.9000      20180602104053.00
   5   2018/11/02   02:09:46.680   16.5200   -101.1600     8.00    1.54  0.1993    15.8900      20180313213048.00
   6   2018/11/02   03:16:56.640   16.9600   -100.3100    28.00    2.30  0.2535    18.2400      20180726005704.00
   7   2018/11/02   03:56:38.000   17.2600   -101.0200     3.00    1.80  0.1825    15.5200      20171203112622.00
   8   2018/11/02   04:47:23.960   17.5100   -101.3900    10.00    2.14  0.1897    16.0900      20180221154306.00
   9   2018/11/02   05:44:36.340   17.1800   -100.8100    17.00    2.18  0.2184    17.1100      20181105102443.00
  10   2018/11/02   06:05:02.160   17.2400   -101.3300     4.20    2.20  0.2995    18.3300      20180817025302.00
  11   2018/11/02   06:08:05.520   17.1500   -100.7600    13.30    3.15  0.7217    60.9800      20180925123753.00
  12   2018/11/02   06:26:22.520   17.2800   -101.0900    16.00    1.88  0.1932    16.1200      20181113191614.00
  13   2018/11/02   06:51:11.240   17.2700   -101.3900     3.00    2.63  0.3044    17.5400      20181009121741.00
  14   2018/11/02   07:45:50.200   17.3500   -101.1500     9.20    2.72  0.1966    15.3200      20180801124118.00
  15   2018/11/02   07:46:01.900   17.4400   -101.1800     9.20    2.81  0.1932    15.0600      20180801124118.00
  16   2018/11/02   07:46:18.900   17.3500   -101.5200     1.00    3.08  0.2185    15.0300      20180526132043.00
  17   2018/11/02   10:21:38.000   16.8800   -100.7600     7.00    1.50  0.1996    17.1000      20180608043253.00
  18   2018/11/02   11:24:46.940   16.8600   -100.2200    16.60    3.51  0.2257    15.2400      20180924125310.00
  19   2018/11/02   11:24:57.600   17.0000   -100.7000     9.00    2.24  0.1752    15.0100      20180608043253.00
  20   2018/11/02   12:26:27.380   16.9000   -100.5400     3.00    2.09  0.2149    16.8800      20180620032054.00
  21   2018/11/02   13:08:56.160   17.1900   -100.3500     7.00    1.94  0.3450    26.0700      20180809105016.00
  22   2018/11/02   14:33:54.400   17.3000   -101.2000     9.60    2.35  0.1904    15.0400      20180729232343.00
  23   2018/11/02   15:33:49.940   17.1400   -101.0200    12.80    1.95  0.1853    15.2000      20180720152034.00
  24   2018/11/02   16:25:35.580   17.3900   -101.5200     7.00    2.49  0.2522    18.4800      20171214115235.00
  25   2018/11/02   17:45:20.260   17.3200   -100.9900     7.00    1.92  0.1819    15.4700      20171203112622.00
  26   2018/11/02   17:57:22.860   17.2400   -100.9800    12.20    1.99  0.2062    17.6800      20180716135840.00
  27   2018/11/02   18:21:13.000   17.1900   -100.4700    45.00    3.30  0.9414    72.6800      20181102182113.00
  28   2018/11/02   19:21:10.540   16.9100   -100.6700     5.00    1.40  0.2244    19.2300      20180608043253.00
  29   2018/11/02   19:41:38.980   16.8800   -100.7000     7.00    1.43  0.1814    15.5400      20180608043253.00
  30   2018/11/02   19:42:38.260   16.9100   -100.6700     9.00    1.54  0.1772    15.1800      20180608043253.00
  31   2018/11/02   19:48:58.000   17.5200   -101.5700    34.00    2.32  0.2080    15.3700      20180312150214.00
  32   2018/11/02   19:49:07.040   17.2200   -101.6000    14.00    2.41  0.2376    17.1400      20180823073727.00
  33   2018/11/02   20:01:21.160   17.2700   -101.3600     5.00    1.81  0.2464    15.4600      20181009120826.00
  34   2018/11/02   20:05:18.420   17.1500   -101.4500     9.00    1.90  0.2406    15.1000      20181009120826.00
  35   2018/11/02   20:28:23.920   17.2700   -101.3300     3.00    1.80  0.2597    16.2900      20181009120826.00
  36   2018/11/02   20:31:25.620   17.1900   -100.3500     7.00    2.01  0.3019    22.8200      20180809105016.00
  37   2018/11/02   20:44:26.980   16.9700   -100.7000     9.00    1.45  0.1832    15.7000      20180608043253.00
  38   2018/11/02   22:28:35.400   17.4300   -101.5200     2.00    2.81  0.2095    16.2200      20180902190224.00
  39   2018/11/02   22:28:45.160   17.1800   -101.3300     3.00    2.03  0.2515    15.7800      20181009120826.00
  40   2018/11/02   23:46:26.380   16.8800   -100.7900     1.00    0.54  0.1764    15.1100      20180608043253.00
  41   2018/11/02   23:47:48.840   16.9700   -100.7600     7.00    0.60  0.1867    15.9900      20180608043253.00
   1   2018/11/03   03:45:04.820   17.2200   -101.1500    18.00    2.19  0.1953    15.5200      20181113191614.00
   2   2018/11/03   03:45:12.720   17.2500   -101.5700     6.00    2.63  0.2203    15.2000      20180823073727.00
   3   2018/11/03   04:59:27.480   16.8500   -100.4400    12.50    2.38  0.2248    16.3100      20180919225114.00
   4   2018/11/03   06:58:13.020   17.3000   -101.1000    32.20    1.87  0.2202    17.1800      20171214054549.00
   5   2018/11/03   08:57:29.280   17.1500   -100.9800     8.20    2.10  0.2366    18.9700      20180716135840.00
   6   2018/11/03   10:07:08.540   16.9100   -100.6700     1.00    1.51  0.2171    16.6500      20180608043253.00
   7   2018/11/03   10:11:21.460   17.1500   -100.9800     6.20    1.65  0.2113    16.9400      20180716135840.00
   8   2018/11/03   10:11:58.400   17.1200   -101.0100     8.20    1.55  0.1909    15.3100      20180716135840.00
   9   2018/11/03   11:06:57.640   17.2200   -101.3300    18.00    4.10  0.3605    28.3700      20180129235004.00
  10   2018/11/03   12:15:44.280   17.5500   -101.6600    28.00    2.92  0.2977    19.6300      20180312150214.00
  11   2018/11/03   12:15:57.880   17.1600   -101.3900     3.00    2.49  0.2832    16.4500      20181012055646.00
  12   2018/11/03   14:18:39.740   16.9300   -100.3700    24.00    2.29  0.2978    21.0000      20180726005704.00
  13   2018/11/03   15:52:50.540   17.2800   -101.5400     6.00    3.12  0.2211    15.2500      20180823073727.00
  14   2018/11/03   19:11:31.860   16.8900   -100.3800     9.00    1.85  0.2252    15.6900      20181014175816.00
  15   2018/11/03   19:22:56.120   16.5200   -101.1000     6.00    1.45  0.2083    16.7100      20180313213048.00
  16   2018/11/03   20:16:54.700   17.2500   -101.1000    36.00    2.44  0.2388    17.3300      20180630080604.00
  17   2018/11/03   20:17:04.020   17.2400   -101.3600     9.00    2.41  0.3060    15.9500      20181009121741.00
  18   2018/11/03   22:29:40.320   17.3700   -101.4000     0.00    3.22  0.2140    15.7700      20180902190224.00
  19   2018/11/03   22:29:46.880   17.1900   -101.5000     8.00    2.16  0.2314    16.2200      20180517170951.00
   1   2018/11/04   01:22:45.620   17.2400   -101.4200     9.00    1.94  0.2718    15.6400      20181009120826.00
   2   2018/11/04   01:25:49.220   17.4400   -101.0900    11.20    2.33  0.2079    15.8300      20180801124118.00
   3   2018/11/04   02:21:13.160   17.2700   -101.0400    34.20    2.15  0.2459    19.3700      20171214054549.00
   4   2018/11/04   02:35:21.400   17.0300   -100.7300     4.00    1.35  0.2550    20.3600      20180608035650.00
   5   2018/11/04   04:30:21.280   17.3500   -101.6600     3.00    2.93  0.2187    15.1200      20180312213033.00
   6   2018/11/04   06:14:06.280   17.5500   -101.5700    26.00    3.14  0.2191    15.7700      20180312150214.00
   7   2018/11/04   06:14:17.700   17.0400   -101.4700    14.00    2.99  0.2113    15.5700      20180323052743.00
   8   2018/11/04   06:15:01.060   16.9600   -100.6100     2.00    1.60  0.2186    17.2600      20180604194355.00
   9   2018/11/04   06:37:14.160   17.1800   -101.4200     1.00    1.88  0.2907    16.7300      20181009120826.00
  10   2018/11/04   07:20:26.940   17.2200   -100.9300     7.00    1.90  0.2205    17.8700      20180122013436.00
  11   2018/11/04   07:57:16.480   17.5500   -101.5700    26.00    2.55  0.2098    15.1000      20180312150214.00
  12   2018/11/04   07:57:27.360   17.2100   -101.5700    10.00    2.26  0.1963    15.1200      20171217090333.00
  13   2018/11/04   10:41:42.360   17.5500   -101.5700    26.00    2.79  0.2121    15.2700      20180312150214.00
  14   2018/11/04   10:41:50.600   17.4400   -101.5100     2.00    2.82  0.2070    15.1000      20180625165810.00
  15   2018/11/04   11:43:16.860   17.3000   -101.1700     7.60    2.84  0.2468    19.8500      20180729232343.00
  16   2018/11/04   12:07:10.100   16.8600   -100.2900    23.50    2.87  0.3423    23.8100      20171230095748.00
  17   2018/11/04   12:38:36.380   17.3400   -101.4300     4.00    2.69  0.2348    17.4900      20180902190224.00
  18   2018/11/04   13:32:12.440   17.2100   -101.0200    17.00    3.45  0.1969    15.5500      20180905152648.00
  19   2018/11/04   13:34:20.080   16.3900   -100.9500    12.00    1.89  0.2049    15.9200      20180624142808.00
  20   2018/11/04   13:59:29.480   17.2600   -100.9900     1.00    2.44  0.2281    18.2600      20171203112622.00
  21   2018/11/04   15:28:40.360   17.2400   -100.9800     4.20    1.64  0.1908    15.5300      20180716135840.00
  22   2018/11/04   15:51:49.100   17.5200   -101.6900    26.00    2.77  0.2134    15.3600      20180312150214.00
  23   2018/11/04   15:51:58.640   17.3400   -101.5700     8.00    2.69  0.2426    17.4900      20180823073727.00
  24   2018/11/04   16:51:19.900   16.9200   -100.3800     5.00    2.05  0.2257    15.1000      20181014175816.00
  25   2018/11/04   16:54:20.720   16.8800   -100.7000     3.00    1.66  0.2155    16.8700      20180608043253.00
  26   2018/11/04   20:48:38.100   16.9900   -100.5300     4.80    2.57  0.6162    49.2000      20181028232129.00
  27   2018/11/04   20:50:30.600   17.2600   -101.1500    14.00    2.05  0.2592    19.4200      20180707085704.00
  28   2018/11/04   21:29:35.540   17.1900   -100.3500     5.00    2.02  0.2187    15.7400      20180809105016.00
  29   2018/11/04   22:10:34.220   17.1200   -101.4300    15.00    2.40  0.2869    21.8200      20180304095353.00
  30   2018/11/04   22:22:03.820   16.9200   -100.3800     5.00    2.33  0.6987    46.7400      20181014175816.00
  31   2018/11/04   23:03:05.340   17.0900   -100.3700    44.30    2.11  0.2688    20.1400      20181005080039.00
   1   2018/11/05   01:09:08.520   17.1000   -100.3900    44.80    2.92  0.4699    33.0700      20180715054502.00
   2   2018/11/05   07:39:38.000   16.9300   -100.2200    29.20    2.86  0.2723    15.7400      20181029063613.00
   3   2018/11/05   09:01:35.000   17.0200   -100.1500     5.00    3.70  1.0000    64.0200      20181105090135.00
   4   2018/11/05   10:18:03.240   17.1900   -100.3500     5.00    1.91  0.2216    15.1200      20180809105016.00
   5   2018/11/05   10:24:43.000   17.1200   -100.8400    13.00    3.60  0.9173    65.2700      20181105102443.00
   6   2018/11/05   10:57:47.620   17.3200   -101.0500    14.00    2.07  0.2380    17.2100      20180602104053.00
   7   2018/11/05   10:59:35.160   17.2900   -101.1400    12.00    2.16  0.2244    16.2300      20180602104053.00
   8   2018/11/05   11:30:39.360   17.0200   -100.1500     5.00    2.81  0.3200    20.4900      20181105090135.00
   9   2018/11/05   11:55:18.860   17.1000   -100.3600    44.80    2.26  0.2318    16.3100      20180715054502.00
  10   2018/11/05   12:37:43.000   16.6100   -100.4200     5.00    4.20  0.9778    57.7400      20181105123743.00
  11   2018/11/05   12:46:24.200   16.6000   -100.4200     0.00    2.38  0.3592    23.0800      20181105133314.00
  12   2018/11/05   12:48:21.000   16.6200   -100.4200     2.00    4.10  0.9019    65.4500      20181105124821.00
  13   2018/11/05   13:11:37.060   16.6000   -100.4200     0.00    2.49  0.3039    19.5300      20181105133314.00
  14   2018/11/05   13:33:14.000   16.6000   -100.4200     2.00    3.70  0.8433    54.1800      20181105133314.00
  15   2018/11/05   13:35:51.900   16.6000   -100.4200     0.00    2.48  0.3173    20.3900      20181105133314.00
  16   2018/11/05   13:43:47.340   16.6000   -100.4200     0.00    2.47  0.4856    31.2000      20181105133314.00
  17   2018/11/05   13:45:24.780   17.0000   -100.7300     1.00    1.60  0.2251    16.2700      20180608043253.00
  18   2018/11/05   15:34:56.000   16.9000   -101.3900    31.00    3.70  0.8976    66.7000      20181105153456.00
  19   2018/11/05   15:50:21.560   16.9000   -101.3900    31.00    2.29  0.3624    26.9300      20181105153456.00
  20   2018/11/05   15:51:08.780   16.9000   -101.3900    31.00    2.25  0.3543    26.3300      20181105153456.00
  21   2018/11/05   16:22:58.720   17.2300   -101.0500     3.00    1.85  0.2228    16.7000      20171203112622.00
  22   2018/11/05   16:25:38.700   16.6200   -100.4200     4.00    0.94  0.4277    31.0400      20181105124821.00
  23   2018/11/05   16:34:27.760   17.2600   -101.1100    10.00    2.01  0.2478    17.9200      20180602104053.00
  24   2018/11/05   17:07:19.500   16.9000   -101.3900    31.00    1.82  0.2704    20.1000      20181105153456.00
  25   2018/11/05   17:25:50.520   17.3800   -100.7200     8.00    1.88  0.2915    22.1300      20181102003455.00
  26   2018/11/05   19:21:22.380   16.6000   -100.4200     6.00    2.33  0.2954    18.9800      20181105133314.00
  27   2018/11/05   20:20:47.200   17.2400   -101.0700    36.20    2.84  0.2693    19.9300      20171214054549.00
  28   2018/11/05   20:49:34.300   17.3200   -100.9600     9.00    1.96  0.2067    15.4900      20171203112622.00
  29   2018/11/05   23:19:33.480   17.2500   -101.5100    14.00    2.32  0.2529    16.7500      20180823073727.00
  30   2018/11/05   23:36:39.860   16.9400   -100.4500     8.60    1.57  0.4354    28.7300      20181022172100.00
   1   2018/11/06   00:26:07.480   17.2700   -101.0400    34.20    1.54  0.2631    19.1700      20171214054549.00
   2   2018/11/06   01:55:15.000   16.8800   -100.2500    10.00    3.50  0.9143    58.5800      20181106015515.00
   3   2018/11/06   05:14:53.420   16.9300   -100.2800    20.00    2.76  0.2827    19.2500      20180130044035.00
   4   2018/11/06   05:48:56.880   17.0600   -99.9900    41.70    3.16  0.3261    20.7400      20181003063415.00
   5   2018/11/06   05:49:03.000   16.9200   -100.2600    21.50    3.15  0.2506    15.8600      20171230095748.00
   6   2018/11/06   05:54:10.700   17.3200   -100.9900     5.00    1.96  0.2214    16.2200      20171203112622.00
   7   2018/11/06   05:55:48.560   17.0000   -100.7900     1.00    1.69  0.2210    15.3800      20180608043253.00
   8   2018/11/06   06:17:22.320   17.0200   -100.1500     5.00    2.71  0.3355    22.7000      20181105090135.00
   9   2018/11/06   07:04:16.000   17.5100   -101.5600    14.00    4.00  0.9392    67.6400      20181106070416.00
  10   2018/11/06   07:56:31.840   17.3200   -101.0200     1.00    1.91  0.2537    18.5900      20171203112622.00
  11   2018/11/06   10:04:35.840   17.2700   -101.3900     4.20    1.86  0.2721    15.9600      20180817025302.00
  12   2018/11/06   11:11:48.220   17.3000   -101.1400    48.30    2.08  0.2929    22.6000      20171126040530.00
  13   2018/11/06   12:26:59.600   17.2100   -101.3900     6.20    2.08  0.2656    15.5800      20180817025302.00
  14   2018/11/06   13:42:45.560   16.8700   -100.4900     7.00    2.51  0.3400    18.8900      20180419205910.00
  15   2018/11/06   14:03:41.440   16.9200   -100.4900     6.00    2.12  0.2131    15.4000      20181111002016.00
  16   2018/11/06   14:06:40.000   17.3000   -100.9000    32.00    3.70  1.0000    74.3400      20181106140640.00
  17   2018/11/06   15:18:06.420   17.3500   -101.2100    18.00    1.59  0.2070    15.0700      20180707085704.00
  18   2018/11/06   15:19:00.700   17.3400   -101.3800     5.00    1.58  0.1941    15.0300      20180204012610.00
  19   2018/11/06   15:45:02.360   17.3200   -100.9900     7.00    2.38  0.2899    21.2400      20171203112622.00
  20   2018/11/06   15:45:12.140   17.1900   -101.3000     9.00    2.18  0.2686    15.3400      20181012055646.00
  21   2018/11/06   16:26:55.080   17.1500   -100.9800     8.20    1.80  0.2206    16.0600      20180716135840.00
  22   2018/11/06   17:10:01.920   17.1500   -101.2000    20.10    3.22  0.2347    16.2700      20180915055856.00
  23   2018/11/06   17:22:28.180   17.0300   -100.7900    -2.00    1.04  0.2339    16.6500      20180608035650.00
  24   2018/11/06   18:02:28.180   16.9000   -100.4900     1.00    1.81  0.2716    15.0900      20180419205910.00
  25   2018/11/06   20:40:18.240   17.1500   -100.8600    10.00    1.69  0.3684    28.8200      20180115210508.00
  26   2018/11/06   20:50:45.620   17.3200   -101.0200     1.00    1.82  0.2652    19.4300      20171203112622.00
  27   2018/11/06   20:54:40.700   17.1800   -101.3900    10.20    1.77  0.2645    15.5200      20180817025302.00
  28   2018/11/06   21:29:39.680   17.3700   -100.9700    10.00    1.62  0.2384    18.1500      20180906231644.00
   1   2018/11/07   02:50:58.060   17.1800   -101.3900     5.00    2.19  0.3261    15.5300      20181009121741.00
   2   2018/11/07   06:15:10.340   17.2300   -101.0500     5.00    1.80  0.2025    15.3800      20171203112622.00
   3   2018/11/07   06:40:09.540   17.3100   -101.4200    16.00    2.90  0.2284    16.2200      20180129235004.00
   4   2018/11/07   11:48:39.260   17.1600   -100.3700    36.20    2.52  0.2934    20.0600      20171130230303.00
   5   2018/11/07   17:47:16.560   17.2700   -101.2000     9.60    2.05  0.2215    15.4300      20180729232343.00
   6   2018/11/07   18:33:33.520   17.3000   -101.0700    34.20    1.80  0.2654    19.9500      20171214054549.00
   7   2018/11/07   19:22:10.000   17.1000   -100.6100     7.00    3.70  1.0000    67.5000      20181107192210.00
   8   2018/11/07   19:49:44.920   17.4100   -101.4800    13.70    2.67  0.3504    21.2000      20180814135313.00
   9   2018/11/07   20:18:11.040   17.2700   -101.2000     9.60    2.26  0.3425    23.8600      20180729232343.00
  10   2018/11/07   21:19:26.440   16.9300   -100.3700    24.00    2.29  0.2507    17.0300      20180726005704.00
   1   2018/11/08   00:00:02.780   17.0100   -100.4000    21.20   -1.62  0.5998    43.7900      20180930032804.00
   2   2018/11/08   00:38:03.160   17.2300   -100.9600     5.00    1.57  0.2071    16.1500      20171203112622.00
   3   2018/11/08   01:07:56.560   17.6900   -101.1300    56.00    3.13  0.2173    15.4300      20180502001514.00
   4   2018/11/08   02:38:31.820   17.3200   -101.5500     5.00    2.66  0.3081    18.5800      20180526132043.00
   5   2018/11/08   03:05:09.100   17.1900   -100.0800    35.00    2.94  0.2276    15.3900      20180408043246.00
   6   2018/11/08   03:23:57.080   16.9800   -100.0600     5.00    2.90  0.2318    16.3400      20171215020431.00
   7   2018/11/08   03:33:40.140   16.9500   -100.0500     5.00    2.98  0.2169    15.2600      20171210093823.00
   8   2018/11/08   03:33:49.540   17.3200   -100.9600     9.00    1.87  0.2361    18.4100      20171203112622.00
   9   2018/11/08   04:21:29.000   16.9100   -100.1900    27.00    3.30  0.8433    52.0600      20181108042129.00
  10   2018/11/08   06:22:47.440   17.2400   -101.1000     4.20    1.61  0.1920    15.6600      20180716135840.00
  11   2018/11/08   06:26:49.060   17.3300   -101.1700     5.60    2.83  0.2137    15.7300      20180729232343.00
  12   2018/11/08   08:18:17.280   17.2700   -101.0700    38.20    1.90  0.2079    15.9400      20171214054549.00
  13   2018/11/08   08:36:42.540   17.4800   -101.1600    44.10    1.61  0.2268    18.7700      20171129175249.00
  14   2018/11/08   11:33:07.060   17.2300   -101.0500     3.00    1.98  0.2056    16.0300      20171203112622.00
  15   2018/11/08   15:13:22.000   17.3200   -100.1400    13.00    3.00  0.9102    63.8900      20181108151322.00
  16   2018/11/08   16:15:59.360   16.8200   -100.0000     7.40    3.49  0.3775    27.5700      20180804003704.00
  17   2018/11/08   17:34:31.100   17.2400   -101.1700    46.30    2.10  0.1967    15.7300      20171126040530.00
  18   2018/11/08   21:10:22.260   16.9100   -99.9700     9.30    2.91  0.3128    22.1800      20181014123022.00
  19   2018/11/08   21:31:21.800   17.2400   -101.1700    46.30    1.95  0.2620    20.9600      20171126040530.00
   1   2018/11/09   00:21:26.120   17.5000   -101.6400    18.00    1.67  0.2774    19.5400      20180326052349.00
   2   2018/11/09   00:55:02.600   17.2000   -101.0800     7.00    2.29  0.2634    20.0000      20171203112622.00
   3   2018/11/09   03:22:34.640   16.6000   -100.4200     0.00    2.45  0.3843    25.0200      20181105133314.00
   4   2018/11/09   03:42:14.900   17.1500   -100.7600    13.30    1.88  0.2697    20.4600      20180925123753.00
   5   2018/11/09   03:47:35.020   16.6100   -101.0700    10.00    1.49  0.2187    16.3000      20180313213048.00
   6   2018/11/09   04:54:54.580   17.5600   -101.3200    50.00    2.05  0.2739    18.5600      20180630212448.00
   7   2018/11/09   08:09:40.460   17.0000   -100.7600     7.00    1.79  0.2246    16.4200      20180608043253.00
   8   2018/11/09   09:09:20.760   17.2900   -100.9200    40.70    2.77  0.2134    16.7400      20171213025249.00
   9   2018/11/09   12:15:19.720   16.9000   -101.3600    29.00    2.37  0.3204    24.0900      20181105153456.00
  10   2018/11/09   13:10:45.780   17.0000   -100.7900     9.00    1.83  0.2533    18.5200      20180608043253.00
  11   2018/11/09   13:33:21.560   17.1500   -100.9800     4.20    2.28  0.2237    16.3800      20180716135840.00
  12   2018/11/09   13:48:00.180   16.8200   -100.0000     7.40    3.53  0.3187    22.9200      20180804003704.00
  13   2018/11/09   14:40:44.920   17.3100   -101.5700    14.00    2.78  0.3530    22.9600      20180823073727.00
  14   2018/11/09   14:40:51.220   17.3100   -101.6000    12.00    2.75  0.3252    21.1500      20180823073727.00
  15   2018/11/09   14:47:42.940   17.3100   -101.5700    14.00    3.57  0.3645    23.7000      20180823073727.00
  16   2018/11/09   14:50:01.260   17.3100   -101.5700    14.00    2.88  0.3839    24.9700      20180823073727.00
  17   2018/11/09   15:04:10.080   17.3100   -101.6000    12.00    2.56  0.3528    22.9500      20180823073727.00
  18   2018/11/09   15:26:08.800   17.3100   -101.6000    12.00    2.59  0.3339    21.7100      20180823073727.00
  19   2018/11/09   15:29:37.800   16.9700   -100.6700     1.00    1.97  0.2171    15.8700      20180608043253.00
  20   2018/11/09   15:47:44.640   17.2900   -101.0500     7.00    2.05  0.2151    16.3300      20171203112622.00
  21   2018/11/09   16:56:06.620   16.8800   -100.7600     9.00    1.66  0.2178    15.9200      20180608043253.00
  22   2018/11/09   18:11:28.000   17.3100   -101.3000    23.00    3.40  0.9578    63.7000      20181109181128.00
  23   2018/11/09   18:32:23.460   16.6200   -100.4200     2.00    1.58  0.4595    33.0700      20181105124821.00
  24   2018/11/09   19:15:59.860   17.2500   -101.5400    10.00    3.02  0.2346    15.2500      20180823073727.00
  25   2018/11/09   21:13:32.560   17.3500   -101.3500    32.60    1.63  0.2451    19.3600      20181004080818.00
  26   2018/11/09   23:52:33.720   17.1700   -100.9300    28.00    0.38  0.3259    23.0700      20180805063226.00
   1   2018/11/10   01:08:48.240   17.2500   -101.0900    14.00    2.92  0.2619    18.6800      20181113191614.00
   2   2018/11/10   01:23:42.000   16.9600   -100.2500    14.00    3.50  0.9539    68.5600      20181110012342.00
   3   2018/11/10   01:39:25.260   16.8200   -100.1300     9.00    2.79  0.3806    24.4700      20180912134159.00
   4   2018/11/10   01:42:12.180   16.8200   -100.1300     9.00    2.94  0.6467    41.5800      20180912134159.00
   5   2018/11/10   01:54:21.100   16.9100   -100.7000     1.00    1.57  0.2144    15.5400      20180608043253.00
   6   2018/11/10   02:21:39.000   17.2200   -100.0300    51.00    3.80  1.0000    68.5800      20181110022139.00
   7   2018/11/10   05:09:39.600   17.3500   -101.2600     2.00    2.66  0.2306    15.4400      20180103201408.00
   8   2018/11/10   08:32:08.000   17.3000   -101.2800    15.00    3.40  0.8861    65.4800      20181110083208.00
   9   2018/11/10   09:33:59.660   17.2500   -101.0900    14.00    1.96  0.2146    15.3100      20181113191614.00
  10   2018/11/10   09:35:03.760   16.8900   -100.2300    23.50    2.87  0.2377    15.0900      20171230095748.00
  11   2018/11/10   11:36:01.100   16.9100   -100.7000     1.00    1.55  0.2351    17.0400      20180608043253.00
  12   2018/11/10   12:01:46.860   16.9700   -101.7700    18.00    2.77  0.2216    15.1400      20180625172543.00
  13   2018/11/10   12:18:56.060   17.2900   -101.0500     3.00    1.81  0.2196    15.6400      20171203112622.00
  14   2018/11/10   13:06:33.060   16.9500   -100.2200    15.00    2.81  0.2404    15.1800      20180228150927.00
  15   2018/11/10   14:13:20.380   17.6200   -100.9800    42.00    2.15  0.2412    18.4300      20180325052451.00
  16   2018/11/10   15:07:13.820   16.9700   -100.7000     4.00    2.36  0.2340    17.4900      20180608035650.00
  17   2018/11/10   15:13:06.400   16.9700   -100.7000     4.00    3.01  0.2223    16.6100      20180608035650.00
  18   2018/11/10   15:57:36.000   17.3000   -100.5100    48.00    3.40  0.9346    73.6400      20181110155736.00
  19   2018/11/10   17:30:15.420   16.9700   -100.7000     4.00    1.66  0.2183    16.3200      20180608035650.00
  20   2018/11/10   21:56:28.220   17.3300   -101.5500     5.00    2.36  0.3457    20.3500      20171214115235.00
  21   2018/11/10   21:56:40.360   17.4400   -101.6900     1.00    3.08  0.2530    15.4000      20180312213033.00
  22   2018/11/10   21:56:49.480   17.3300   -101.5500     5.00    2.84  0.6261    36.8500      20171214115235.00
  23   2018/11/10   22:06:49.820   17.3300   -101.5500     5.00    2.33  0.4283    25.2100      20171214115235.00
  24   2018/11/10   22:50:00.360   17.1900   -100.3500     7.00    2.10  0.2837    18.5500      20180809105016.00
  25   2018/11/10   23:28:37.400   17.3900   -101.6100     1.00    1.99  0.2936    17.2800      20171214115235.00
  26   2018/11/10   23:31:13.000   17.4500   -101.5100    31.00    3.20  0.8978    60.6600      20181110233113.00
   1   2018/11/11   00:20:07.080   16.9400   -100.5600    30.00    4.35  0.2266    15.2800      20180115125143.00
   2   2018/11/11   00:20:16.000   16.9200   -100.5500     4.00    3.90  0.9377    73.1200      20181111002016.00
   3   2018/11/11   05:02:04.520   17.2100   -101.1000    10.20    1.93  0.1983    16.0500      20180716135840.00
   4   2018/11/11   05:45:12.000   17.1000   -100.1800    37.00    3.40  0.9569    71.7100      20181111054512.00
   5   2018/11/11   06:14:39.000   16.9100   -100.6700     4.00    1.50  0.1991    15.3000      20180608035650.00
   6   2018/11/11   06:48:01.640   17.5700   -101.5700    36.90    3.04  0.4571    31.9000      20180817063231.00
   7   2018/11/11   11:54:38.680   17.3000   -101.4800     5.00    2.67  0.2903    15.1300      20181009121741.00
   8   2018/11/11   14:53:17.000   17.3800   -100.6900    31.00    4.00  0.9705    76.9600      20181111145317.00
   9   2018/11/11   16:14:56.080   17.2900   -101.0500     7.00    2.95  0.2844    21.5500      20171203112622.00
  10   2018/11/11   17:15:27.600   17.3800   -100.6900    31.00    1.79  0.6625    52.5400      20181111145317.00
  11   2018/11/11   18:15:00.320   17.3800   -100.6900    31.00    1.25  0.5889    46.7000      20181111145317.00
  12   2018/11/11   21:09:21.620   17.4900   -101.6600     9.00    2.57  0.2465    16.6200      20180329160943.00
  13   2018/11/11   22:31:46.460   17.0100   -100.0700    35.00    4.18  0.2241    16.5200      20180506070219.00
  14   2018/11/11   22:32:00.340   16.8100   -100.4600     9.00    3.30  0.2448    15.2300      20180419205910.00
   1   2018/11/12   01:28:34.740   17.1500   -100.7600    13.30    3.63  0.7364    61.0600      20180925123753.00
   2   2018/11/12   01:29:24.260   17.1500   -100.7600    13.30    2.82  0.7179    59.5300      20180925123753.00
   3   2018/11/12   01:30:52.700   17.1500   -100.7600    13.30    2.08  0.1887    15.6500      20180925123753.00
   4   2018/11/12   01:31:37.520   17.1200   -101.2000    20.10    2.63  0.2170    15.7500      20180915055856.00
   5   2018/11/12   01:34:41.840   17.2600   -101.0200     9.00    1.96  0.1936    15.2900      20171203112622.00
   6   2018/11/12   01:36:10.940   17.1500   -100.7600    13.30    3.02  0.7112    58.9700      20180925123753.00
   7   2018/11/12   01:37:36.280   17.1500   -100.7600    13.30    2.11  0.3189    26.4400      20180925123753.00
   8   2018/11/12   01:51:49.740   17.3200   -101.3200    13.00    2.41  0.1884    15.2800      20181114094750.00
   9   2018/11/12   02:55:40.120   17.2400   -101.0400     8.20    1.73  0.2177    17.6600      20180716135840.00
  10   2018/11/12   03:19:54.800   17.1600   -101.1500    18.00    1.86  0.2448    18.7200      20181113191614.00
  11   2018/11/12   03:37:06.660   17.1800   -100.0800    14.00    3.82  0.4560    31.6900      20180430201528.00
  12   2018/11/12   05:24:37.960   17.2200   -101.1800    16.00    2.65  0.2000    15.3000      20181113191614.00
  13   2018/11/12   06:22:19.420   17.2900   -100.7800    49.00    2.53  0.2539    20.0800      20180118142639.00
  14   2018/11/12   08:16:04.660   17.4900   -101.1200    57.70    4.11  0.2057    15.3800      20171202061710.00
  15   2018/11/12   08:16:19.880   17.2400   -101.0400    10.20    3.23  0.2177    17.6600      20180716135840.00
  16   2018/11/12   13:56:11.360   17.1900   -100.3500     3.00    2.70  0.5037    33.8800      20180809105016.00
  17   2018/11/12   13:56:23.480   16.9400   -100.7600     4.00    2.09  0.2055    16.0600      20180608035650.00
  18   2018/11/12   14:13:07.420   17.2100   -101.0200    17.00    3.30  0.2219    17.4100      20180905152648.00
  19   2018/11/12   16:00:15.220   17.2200   -101.1200    18.00    2.55  0.5410    41.3800      20181113191614.00
  20   2018/11/12   16:37:16.040   17.2800   -101.6300     6.00    2.50  0.2488    15.6000      20180823073727.00
  21   2018/11/12   20:24:40.260   17.3600   -100.8700    32.00    2.13  0.2004    16.2900      20181106140640.00
  22   2018/11/12   20:43:15.700   17.2000   -101.0800     3.00    2.14  0.2413    19.0600      20171203112622.00
  23   2018/11/12   21:19:44.980   17.1800   -100.8900    12.00    1.70  0.1938    15.4300      20180115210508.00
  24   2018/11/12   21:40:01.440   17.2500   -101.0600    16.00    2.07  0.2235    17.0900      20181113191614.00
  25   2018/11/12   21:42:08.060   16.8200   -100.1300     9.00    2.74  0.3559    23.2100      20180912134159.00
   1   2018/11/13   00:48:33.740   16.2700   -100.8600    23.40    1.99  0.1764    15.6600      20171128230549.00
   2   2018/11/13   02:27:53.380   17.2100   -101.0400     6.20    2.11  0.1938    15.4700      20180716135840.00
   3   2018/11/13   02:32:05.560   17.2800   -101.0300    10.00    2.31  0.2052    15.1100      20180909065334.00
   4   2018/11/13   03:23:00.120   17.3800   -101.0900     9.20    2.77  0.2264    17.3600      20180801124118.00
   5   2018/11/13   03:23:06.260   17.2400   -101.3200    31.00    2.70  0.1934    15.5000      20180111154537.00
   6   2018/11/13   03:23:13.960   17.0100   -101.4700    18.00    2.56  0.2095    15.3800      20180323052743.00
   7   2018/11/13   04:13:58.440   17.2600   -100.9900     7.00    2.32  0.2515    19.3800      20171203112622.00
   8   2018/11/13   05:40:48.000   17.1100   -100.4200    11.00    3.70  0.8146    64.2500      20181113054048.00
   9   2018/11/13   05:44:18.460   17.1100   -100.4200    19.00    2.51  0.3119    24.6000      20181113054048.00
  10   2018/11/13   06:48:12.580   17.1100   -100.4200    15.00    2.74  0.6070    47.8800      20181113054048.00
  11   2018/11/13   07:21:24.160   17.3900   -101.1500    26.60    2.66  0.4390    33.6100      20180729222843.00
  12   2018/11/13   07:22:13.800   16.9500   -100.0500     5.00    3.48  0.2528    20.0100      20171210093823.00
  13   2018/11/13   08:32:25.480   17.4100   -101.1800    13.20    2.69  0.2130    16.3300      20180801124118.00
  14   2018/11/13   10:07:42.640   17.2400   -101.3900    21.30    2.33  0.2237    15.1700      20180729025851.00
  15   2018/11/13   12:08:25.140   17.0500   -100.1800    47.00    2.01  0.1887    15.6200      20180415164427.00
  16   2018/11/13   12:20:07.900   17.2700   -101.0400    32.20    2.00  0.2082    15.9700      20171214054549.00
  17   2018/11/13   13:47:07.180   17.2200   -100.3200     7.00    2.14  0.2900    20.7700      20180809105016.00
  18   2018/11/13   14:40:42.200   17.2800   -101.2400    23.00    3.40  0.3497    24.4200      20181109181128.00
  19   2018/11/13   14:57:27.200   17.4100   -101.0900     9.20    3.63  0.2237    17.1500      20180801124118.00
  20   2018/11/13   15:09:28.000   17.3100   -100.4100    42.00    4.00  0.9697    75.9600      20181113150928.00
  21   2018/11/13   15:16:41.100   17.2600   -100.9900     7.00    2.02  0.2357    18.1700      20171203112622.00
  22   2018/11/13   15:59:39.620   17.3500   -101.0600     9.20    3.26  0.2160    16.5600      20180801124118.00
  23   2018/11/13   15:59:48.540   17.2300   -101.2400    19.00    3.01  0.2184    16.6100      20180727052137.00
  24   2018/11/13   16:00:56.140   17.1800   -101.4800     5.00    2.30  0.3087    15.1900      20181009121741.00
  25   2018/11/13   17:01:53.340   17.1500   -100.7600    13.30    2.51  0.6086    52.2500      20180925123753.00
  26   2018/11/13   17:45:03.420   17.2700   -100.5800    42.00    2.14  0.2498    20.3900      20180719094738.00
  27   2018/11/13   17:45:12.560   16.7000   -100.8300    12.10    2.39  0.1811    15.0700      20171229052208.00
  28   2018/11/13   19:16:14.000   17.2200   -101.1200    18.00    3.60  0.9626    73.3500      20181113191614.00
  29   2018/11/13   19:18:36.960   17.2200   -101.1200    18.00    1.80  0.3612    27.5300      20181113191614.00
  30   2018/11/13   19:19:18.760   16.9700   -100.7900     3.00    1.55  0.2096    16.3400      20180608043253.00
  31   2018/11/13   19:48:31.120   17.3500   -101.0600    13.20    2.63  0.2121    16.2700      20180801124118.00
  32   2018/11/13   20:12:36.240   17.0700   -100.6300     3.80    2.96  0.2464    20.2700      20180826173344.00
  33   2018/11/13   20:42:09.180   16.9100   -100.7000     1.00    1.66  0.1989    15.5000      20180608043253.00
  34   2018/11/13   21:32:36.120   16.8000   -100.1100     6.50    2.82  0.3542    23.2300      20180926160104.00
  35   2018/11/13   21:58:45.340   17.3700   -100.8900    40.00    2.00  0.2006    15.5600      20180329222425.00
  36   2018/11/13   22:22:46.120   16.9100   -100.7600     5.00    1.78  0.2239    17.4500      20180608043253.00
  37   2018/11/13   22:59:21.620   17.7200   -100.2200   111.40    3.29  0.2735    17.2500      20180730221016.00
   1   2018/11/14   00:04:19.460   17.2400   -101.0700    12.20   -0.19  0.2209    16.5700      20180716135840.00
   2   2018/11/14   00:19:17.960   16.9100   -100.7300     1.00    0.67  0.2482    19.2900      20180608043253.00
   3   2018/11/14   00:27:22.560   16.8800   -100.7900     3.00    1.02  0.1956    15.2000      20180608043253.00
   4   2018/11/14   02:30:02.560   17.4400   -101.0900    13.20    2.69  0.2357    15.8400      20180801124118.00
   5   2018/11/14   03:02:08.180   17.2500   -100.3200     3.00    1.80  0.2229    15.7300      20180809105016.00
   6   2018/11/14   04:43:44.960   17.0100   -100.4000    21.20    1.86  0.2558    18.6700      20180930032804.00
   7   2018/11/14   05:24:52.000   17.0000   -100.7900     7.00    1.51  0.2103    16.3400      20180608043253.00
   8   2018/11/14   05:52:27.920   17.3500   -101.0200    12.00    2.11  0.2259    16.2500      20180602104053.00
   9   2018/11/14   06:23:43.720   17.7100   -101.5100    34.50    3.84  0.2724    19.0700      20181003125724.00
  10   2018/11/14   06:23:59.800   17.2700   -101.5200     9.00    3.73  0.2374    16.0100      20171214115235.00
  11   2018/11/14   06:56:16.900   17.4600   -101.6000    13.00    2.07  0.2668    18.4000      20180329160943.00
  12   2018/11/14   07:27:35.000   16.9700   -100.7300     5.00    1.39  0.2144    16.6700      20180608043253.00
  13   2018/11/14   07:37:28.660   17.1800   -101.0700    10.20    1.91  0.2646    19.8500      20180716135840.00
  14   2018/11/14   09:47:50.000   17.3200   -101.3200     9.00    3.60  0.9471    77.0800      20181114094750.00
  15   2018/11/14   09:51:27.740   17.3200   -101.3200     9.00    2.17  0.4018    32.7000      20181114094750.00
  16   2018/11/14   11:09:12.100   17.3200   -101.3200     9.00    2.35  0.1925    15.6700      20181114094750.00
  17   2018/11/14   11:21:18.880   17.2500   -101.5400     6.00    2.49  0.2354    15.8100      20180823073727.00
  18   2018/11/14   11:24:59.100   16.9100   -101.7200    14.00    2.03  0.1854    15.0100      20180106163630.00
  19   2018/11/14   12:16:42.420   17.3200   -101.3200     9.00    2.82  0.5660    46.0600      20181114094750.00
  20   2018/11/14   12:25:36.440   17.3200   -101.3200     9.00    2.11  0.2864    23.3100      20181114094750.00
  21   2018/11/14   12:49:30.780   17.0200   -100.5800     4.00    1.48  0.2160    16.6500      20180604194355.00
  22   2018/11/14   12:52:39.000   17.0400   -101.5300    18.00    2.44  0.2127    15.4100      20180323052743.00
  23   2018/11/14   13:04:17.120   17.3200   -101.3000    10.00    2.89  0.5513    39.8600      20180603220129.00
  24   2018/11/14   13:34:43.240   17.3000   -101.1700    48.30    3.04  0.2226    17.5200      20171126040530.00
  25   2018/11/14   13:47:20.200   17.2500   -100.3700    42.00    2.57  0.2214    16.8500      20180204064647.00
  26   2018/11/14   14:47:33.580   17.2400   -101.0700    36.20    2.09  0.2725    20.6500      20171214054549.00
  27   2018/11/14   17:35:39.040   16.9900   -100.5300     4.80    2.32  0.5489    41.4800      20181028232129.00
  28   2018/11/14   18:06:07.900   17.2500   -101.5100     6.00    2.28  0.2460    16.5200      20180823073727.00
  29   2018/11/14   18:11:14.480   17.2500   -101.5700    12.00    2.64  0.2526    16.9600      20180823073727.00
  30   2018/11/14   19:55:48.000   17.1400   -100.9900    31.00    3.70  0.8478    67.2400      20181114195548.00
  31   2018/11/14   20:14:15.360   17.3000   -101.4500     9.00    2.09  0.3713    18.6800      20181009121741.00
  32   2018/11/14   20:24:40.620   17.3200   -101.3200     9.00    2.38  0.3145    25.5900      20181114094750.00
  33   2018/11/14   20:56:03.740   17.3900   -101.6100     1.00    2.28  0.2533    17.0900      20171214115235.00
  34   2018/11/14   20:58:31.660   17.1400   -100.9900    31.00    1.48  0.2650    21.0100      20181114195548.00
  35   2018/11/14   21:56:20.700   17.2600   -101.0200     1.00    2.00  0.2711    20.8600      20171203112622.00
  36   2018/11/14   22:22:00.560   17.1000   -100.6600     5.70    1.53  0.2056    15.8800      20180721002846.00
  37   2018/11/14   23:30:36.180   17.4500   -100.7500    33.00    1.86  0.2203    17.6100      20180616133351.00
