-101.1100 17.2900 2018 10 01 2.02 10.00 00 47
-100.7600 16.9400 2018 10 01 1.62 1.00 02 34
-101.4100 17.6300 2018 10 01 1.99 48.60 04 30
-100.7100 16.3600 2018 10 01 1.80 18.10 07 18
-100.3200 17.3000 2018 10 01 3.80 48.10 07 28
-100.0800 16.8600 2018 10 01 3.07 28.40 09 20
-101.4800 17.2100 2018 10 01 2.27 9.00 10 44
-100.5800 16.8400 2018 10 01 3.34 7.00 12 53
-100.9600 16.4700 2018 10 01 1.42 18.00 13 15
-100.5000 16.9700 2018 10 01 3.36 28.00 13 17
-100.5800 16.8100 2018 10 01 3.89 7.00 13 17
-101.3300 17.1800 2018 10 01 2.15 6.20 14 13
-101.2900 17.5700 2018 10 01 2.77 42.00 14 23
-100.7000 16.9400 2018 10 01 1.42 -2.00 17 22
-100.6700 16.9700 2018 10 01 1.65 5.00 18 20
-101.5100 17.3400 2018 10 01 2.78 10.00 19 11
-101.2000 17.2800 2018 10 01 3.42 16.00 23 03
-101.1300 16.5500 2018 10 01 -2.23 14.00 23 58
-101.2000 17.2800 2018 10 02 2.13 16.00 01 35
-101.0800 17.4600 2018 10 02 4.50 21.00 02 07
-101.1900 17.2300 2018 10 02 2.56 18.00 04 37
-100.9900 17.2900 2018 10 02 2.72 7.00 04 47
-101.2900 17.3400 2018 10 02 2.81 12.00 06 56
-101.1700 17.2400 2018 10 02 1.83 46.30 09 41
-100.7000 16.9700 2018 10 02 1.53 5.00 09 44
-101.0800 17.4600 2018 10 02 1.00 21.00 09 53
-101.1100 17.2900 2018 10 02 2.12 14.00 10 10
-101.5400 17.3100 2018 10 02 2.52 12.00 11 52
-101.3800 17.1800 2018 10 02 3.30 8.70 11 59
-101.0900 17.4100 2018 10 02 3.31 9.20 12 18
-101.4200 17.1800 2018 10 02 2.07 7.00 13 04
-100.1100 16.8000 2018 10 02 2.96 6.50 15 46
-100.1100 16.8000 2018 10 02 3.09 6.50 15 51
-101.3000 17.3100 2018 10 02 2.40 23.00 17 36
-101.6300 17.5500 2018 10 02 2.44 34.00 17 52
-101.4500 17.2400 2018 10 02 2.33 5.00 18 27
-100.7300 16.9100 2018 10 02 1.51 1.00 20 23
-100.7600 16.9400 2018 10 02 1.51 9.00 20 48
-100.6500 16.4300 2018 10 02 1.57 17.00 22 11
-101.1500 17.3800 2018 10 02 3.33 9.20 22 18
-101.2800 17.2900 2018 10 02 3.01 50.00 22 18
-101.4500 17.3600 2018 10 02 2.97 27.30 22 45
-100.3900 17.1700 2018 10 03 2.68 40.00 01 55
-101.0800 17.4600 2018 10 03 1.55 21.00 02 00
-101.0100 17.1800 2018 10 03 2.36 8.20 02 00
-100.7000 16.9700 2018 10 03 1.58 3.00 02 32
-101.6300 17.2500 2018 10 03 2.55 8.00 04 20
-100.0500 17.0600 2018 10 03 3.40 39.70 06 34
-100.5500 16.8500 2018 10 03 2.83 5.60 06 34
-100.3400 16.9000 2018 10 03 2.45 8.70 06 52
-101.6700 17.5300 2018 10 03 2.57 16.00 07 14
-100.7000 17.0000 2018 10 03 1.46 0.00 08 01
-100.2800 16.9100 2018 10 03 3.50 9.30 08 46
-100.7900 16.9100 2018 10 03 2.23 7.00 08 46
-100.8100 17.2900 2018 10 03 2.22 16.00 10 59
-101.5900 17.4600 2018 10 03 2.97 8.20 12 12
-101.5400 17.2500 2018 10 03 2.76 10.00 12 12
-101.3500 17.5400 2018 10 03 2.74 44.00 12 22
-101.6000 17.5400 2018 10 03 2.90 38.90 12 55
-101.4500 17.7100 2018 10 03 3.60 38.50 12 57
-101.3500 17.3800 2018 10 03 3.37 2.00 12 57
-101.5200 17.2900 2018 10 03 3.46 7.00 12 57
-101.4100 17.3300 2018 10 03 2.96 34.70 14 02
-101.1500 17.3200 2018 10 03 2.70 13.20 15 47
-101.6100 17.3900 2018 10 03 2.64 10.10 15 48
-101.5100 17.2500 2018 10 03 2.68 10.00 15 48
-101.3600 17.2700 2018 10 03 1.87 4.20 16 51
-100.7600 16.9100 2018 10 03 1.64 9.00 17 08
-100.7300 16.9700 2018 10 03 1.62 3.00 18 40
-101.2000 17.2500 2018 10 03 2.40 12.00 18 43
-100.7000 17.0300 2018 10 03 1.49 2.00 21 03
-101.6000 17.5200 2018 10 03 2.54 32.00 21 21
-101.0700 16.4900 2018 10 03 1.34 12.00 22 11
-100.3000 16.8400 2018 10 03 2.64 10.00 22 13
-100.4600 16.8100 2018 10 03 1.90 7.00 22 13
-101.3300 17.1500 2018 10 03 1.98 6.20 22 57
-100.7300 16.9700 2018 10 03 1.16 9.00 23 27
-100.8400 16.4600 2018 10 04 1.73 5.80 00 46
-100.6100 17.1000 2018 10 04 2.05 7.00 04 20
-100.6300 16.9000 2018 10 04 2.08 8.90 05 32
-101.1500 17.1600 2018 10 04 1.77 14.00 07 37
-101.3800 17.3800 2018 10 04 4.40 32.60 08 08
-101.3800 17.3800 2018 10 04 1.01 32.60 08 35
-101.1500 17.4100 2018 10 04 2.77 15.20 08 44
-101.3800 17.3800 2018 10 04 1.54 32.60 08 44
-101.3600 17.2700 2018 10 04 2.33 4.20 09 45
-101.1300 16.5500 2018 10 04 1.47 6.00 11 01
-101.4700 17.3700 2018 10 04 2.24 23.50 11 46
-101.3800 17.3800 2018 10 04 1.20 32.60 12 05
-101.5100 17.3000 2018 10 04 2.37 3.40 15 10
-101.5800 17.3200 2018 10 04 2.51 5.00 16 57
-100.7900 17.0000 2018 10 04 1.68 5.00 19 31
-101.2000 17.2400 2018 10 04 2.87 13.60 20 08
-101.1200 17.3800 2018 10 04 2.33 13.20 20 22
-100.2600 16.8200 2018 10 04 2.71 5.00 20 50
-100.7900 16.9700 2018 10 04 1.56 5.00 21 23
-100.3000 16.7800 2018 10 04 2.60 8.00 21 48
-100.4600 16.8100 2018 10 04 1.87 9.00 21 48
-101.6900 17.5200 2018 10 04 2.44 26.00 22 38
-101.4500 17.3600 2018 10 04 1.42 27.30 23 43
-100.9700 17.3700 2018 10 04 0.63 10.00 23 48
-101.1200 17.2200 2018 10 04 0.40 20.00 23 48
-100.0300 16.9800 2018 10 05 2.49 5.00 02 59
-100.3500 17.1900 2018 10 05 1.93 7.00 03 21
-101.0200 17.2900 2018 10 05 1.93 3.00 03 24
-101.6900 16.8500 2018 10 05 3.80 15.00 05 12
-100.7300 17.0000 2018 10 05 1.65 9.00 05 18
-101.4800 17.4400 2018 10 05 2.29 6.80 07 52
-100.3700 17.0900 2018 10 05 4.10 44.30 08 00
-101.3800 17.3800 2018 10 05 1.17 32.60 08 34
-101.1700 17.2400 2018 10 05 2.32 46.30 08 36
-100.3500 17.1900 2018 10 05 2.23 7.00 10 58
-100.2100 16.7800 2018 10 05 3.30 11.00 15 14
-100.2300 16.8400 2018 10 05 3.50 6.00 15 45
-100.2600 16.8400 2018 10 05 2.35 6.00 15 51
-100.3100 17.1000 2018 10 05 3.50 49.70 17 56
-101.3800 17.3800 2018 10 05 2.03 32.60 22 14
-101.0200 16.4300 2018 10 06 2.80 12.00 00 39
-100.6700 16.8800 2018 10 06 1.33 7.00 00 43
-101.3800 17.3800 2018 10 06 0.87 32.60 01 13
-100.4000 16.8100 2018 10 06 1.69 3.00 03 13
-100.0300 16.9800 2018 10 06 2.53 5.00 04 40
-100.4100 17.3300 2018 10 06 1.88 26.00 04 48
-100.1400 16.8700 2018 10 06 2.78 26.00 05 26
-101.2600 17.2700 2018 10 06 2.58 7.60 07 58
-101.4800 17.4100 2018 10 06 2.91 13.70 08 56
-100.3500 17.1900 2018 10 06 2.18 7.00 09 29
-100.9800 17.1800 2018 10 06 1.54 10.20 14 08
-100.6100 17.1000 2018 10 06 2.76 7.00 14 13
-100.4000 16.9000 2018 10 06 2.07 3.00 15 51
-100.3500 17.1900 2018 10 06 2.05 5.00 16 03
-101.1500 17.2800 2018 10 06 2.09 18.00 16 24
-100.4200 17.2100 2018 10 06 1.39 21.00 17 16
-101.4000 17.3700 2018 10 06 3.16 4.00 17 48
-101.0200 17.2900 2018 10 06 2.03 3.00 19 26
-100.1100 16.8000 2018 10 06 3.03 6.50 19 28
-100.6700 17.1700 2018 10 06 3.50 5.30 21 08
-101.1800 17.1900 2018 10 07 2.13 16.00 01 36
-101.1500 17.3500 2018 10 07 2.60 17.20 02 01
-100.0300 16.9800 2018 10 07 2.81 5.00 03 12
-100.1500 16.9000 2018 10 07 3.70 27.30 06 05
-101.1200 17.2200 2018 10 07 1.71 18.00 06 26
-101.1700 17.2400 2018 10 07 1.76 46.30 10 24
-101.0200 16.4300 2018 10 07 2.87 12.00 11 09
-101.5700 17.2500 2018 10 07 2.72 14.00 11 09
-100.3200 17.2100 2018 10 07 3.60 46.00 11 29
-101.0500 17.2900 2018 10 07 2.56 6.00 11 57
-100.7600 16.9100 2018 10 07 1.48 1.00 12 19
-101.3900 17.3000 2018 10 07 2.20 3.00 12 21
-101.2900 17.2600 2018 10 07 1.81 16.00 14 06
-101.0700 17.2400 2018 10 07 2.29 36.20 14 48
-100.0300 16.9800 2018 10 07 3.14 5.00 15 02
-101.1500 17.4400 2018 10 07 2.75 17.20 15 26
-100.2400 17.0600 2018 10 07 2.61 43.50 18 35
-100.0300 16.9800 2018 10 07 2.62 5.00 19 33
-101.3800 17.3200 2018 10 07 2.44 36.00 21 14
-100.8700 17.0600 2018 10 07 2.11 13.00 22 21
-100.3500 17.1900 2018 10 07 2.02 5.00 22 57
-100.7600 16.9100 2018 10 08 1.47 5.00 00 49
-101.3800 17.3400 2018 10 08 1.60 8.00 01 15
-100.0600 16.8100 2018 10 08 2.19 8.00 03 35
-101.1300 17.4000 2018 10 08 2.69 11.00 03 44
-101.6000 17.3500 2018 10 08 2.87 5.00 03 56
-101.4900 17.3000 2018 10 08 2.59 1.00 03 56
-101.3500 17.5700 2018 10 08 2.63 46.00 04 02
-100.9200 16.2700 2018 10 08 2.99 19.40 05 39
-100.5200 16.8900 2018 10 08 2.89 2.00 07 42
-101.6700 17.5300 2018 10 08 2.33 16.00 08 11
-101.2300 17.3000 2018 10 08 1.98 42.30 08 36
-100.0100 16.9600 2018 10 08 2.86 5.40 09 52
-101.0800 17.2000 2018 10 08 1.82 3.00 11 28
-101.0800 17.2600 2018 10 08 2.06 9.00 11 31
-101.1900 17.3600 2018 10 08 2.52 31.70 13 06
-100.7000 16.9100 2018 10 08 1.70 9.00 14 36
-100.5500 16.8800 2018 10 08 2.97 9.60 16 05
-100.3900 16.8500 2018 10 08 2.54 16.00 17 51
-101.5100 17.3100 2018 10 08 2.40 12.00 20 35
-100.7000 16.9700 2018 10 08 1.60 7.00 22 13
-101.0300 17.2900 2018 10 08 1.57 12.00 23 08
-101.4500 17.3000 2018 10 08 2.22 7.00 23 09
-100.3700 16.9300 2018 10 08 0.40 24.00 23 55
-101.1800 17.3500 2018 10 09 2.89 15.20 00 41
-101.3900 17.2100 2018 10 09 1.89 5.00 01 37
-100.5200 16.9400 2018 10 09 2.63 3.60 03 15
-100.3000 17.0800 2018 10 09 2.67 38.00 03 28
-101.3900 17.2100 2018 10 09 1.98 5.00 04 15
-100.3800 17.0400 2018 10 09 1.63 22.00 04 50
-100.3800 17.0400 2018 10 09 2.05 22.00 04 52
-101.4100 17.2900 2018 10 09 2.53 20.10 04 54
-100.3100 16.8400 2018 10 09 2.91 18.00 05 55
-101.3900 17.1800 2018 10 09 1.78 7.00 06 22
-100.3900 17.1700 2018 10 09 2.35 40.00 08 05
-101.0100 17.1800 2018 10 09 1.55 10.20 08 24
-101.1800 17.5900 2018 10 09 2.27 50.00 08 54
-100.7600 17.0000 2018 10 09 1.54 9.00 10 47
-101.4200 17.2400 2018 10 09 2.18 5.00 11 01
-100.4900 16.8100 2018 10 09 1.82 3.00 12 05
-101.3900 17.2100 2018 10 09 3.80 5.00 12 08
-101.4200 17.2400 2018 10 09 2.35 5.00 12 13
-101.4300 17.3700 2018 10 09 3.13 4.00 12 14
-101.3900 17.2100 2018 10 09 2.32 5.00 12 14
-101.4200 17.2400 2018 10 09 3.60 5.00 12 17
-101.3900 17.2100 2018 10 09 2.57 5.00 12 18
-101.4200 17.2400 2018 10 09 2.35 5.00 12 19
-101.4500 17.2400 2018 10 09 2.46 1.00 12 20
-101.4200 17.2400 2018 10 09 2.30 5.00 12 21
-101.4200 17.2400 2018 10 09 2.31 5.00 12 38
-101.3300 17.1500 2018 10 09 2.07 5.00 13 21
-101.4300 17.3700 2018 10 09 3.51 0.00 13 36
-101.4200 17.2400 2018 10 09 3.11 5.00 13 37
-101.3600 17.2400 2018 10 09 1.92 7.00 13 40
-101.4800 17.3000 2018 10 09 2.26 7.00 13 42
-100.7900 17.0000 2018 10 09 1.68 5.00 14 18
-100.3500 17.1900 2018 10 09 2.10 3.00 14 29
-101.4200 17.3000 2018 10 09 2.26 7.00 15 03
-101.4800 17.3000 2018 10 09 2.18 7.00 15 04
-101.6600 17.5800 2018 10 09 2.42 32.00 15 05
-101.4500 17.2100 2018 10 09 1.98 5.00 15 06
-101.3000 17.2700 2018 10 09 1.92 6.20 15 08
-101.4800 17.3000 2018 10 09 2.30 7.00 15 12
-101.4800 17.3000 2018 10 09 2.42 7.00 15 31
-101.4800 17.3000 2018 10 09 2.35 7.00 15 33
-101.3600 17.1500 2018 10 09 2.04 3.00 16 42
-101.4200 17.3000 2018 10 09 2.34 7.00 17 26
-100.4600 16.9000 2018 10 09 2.02 3.00 17 52
-100.7000 16.8800 2018 10 09 1.66 7.00 17 55
-101.3900 17.2100 2018 10 09 1.91 5.00 18 00
-101.3900 17.2100 2018 10 09 2.20 5.00 18 06
-101.3600 17.1800 2018 10 09 1.88 1.00 18 28
-101.3900 17.2100 2018 10 09 1.93 5.00 18 50
-101.4800 17.3000 2018 10 09 2.19 7.00 19 00
-101.4500 17.2100 2018 10 09 2.35 1.00 19 41
-100.7600 16.9100 2018 10 09 1.76 3.00 19 49
-101.3900 17.2100 2018 10 09 1.89 5.00 20 13
-100.7900 16.9400 2018 10 09 1.78 9.00 20 47
-101.4200 17.2400 2018 10 09 2.37 5.00 21 04
-101.4600 17.4300 2018 10 09 2.49 4.00 22 54
-101.3900 17.1500 2018 10 09 1.82 5.00 22 54
-100.4300 16.9300 2018 10 09 0.99 9.00 23 40
-101.3900 17.1800 2018 10 10 1.10 3.00 00 22
-101.3900 17.2100 2018 10 10 1.82 3.00 00 33
-100.4100 17.1100 2018 10 10 2.45 40.00 02 25
-101.3800 17.3800 2018 10 10 1.31 32.60 06 36
-100.3500 17.1900 2018 10 10 2.02 5.00 06 41
-101.4000 17.3500 2018 10 10 2.41 15.00 06 43
-101.1500 17.5100 2018 10 10 1.56 9.10 06 51
-101.0800 17.2900 2018 10 10 2.33 14.00 06 51
-101.4200 17.2400 2018 10 10 1.97 7.00 07 47
-101.3900 17.2100 2018 10 10 1.95 5.00 08 09
-101.4200 17.1500 2018 10 10 2.05 1.00 08 10
-100.9900 17.2600 2018 10 10 2.27 9.00 10 21
-101.3600 17.3000 2018 10 10 2.14 3.00 12 19
-101.2000 17.2700 2018 10 10 2.29 9.60 13 08
-100.7900 16.8800 2018 10 10 1.80 7.00 14 24
-101.1200 17.2200 2018 10 10 1.73 18.00 14 36
-101.4500 17.2700 2018 10 10 2.28 5.00 18 19
-100.3200 17.1600 2018 10 10 2.08 3.00 19 57
-101.1200 17.2800 2018 10 10 1.87 16.00 20 02
-101.0800 17.4600 2018 10 10 0.99 21.00 21 24
-101.4200 17.1800 2018 10 10 1.98 9.00 21 47
-101.4200 17.2200 2018 10 10 1.97 7.00 22 47
-101.4500 17.2700 2018 10 10 2.57 5.00 23 03
-101.3900 17.2400 2018 10 11 0.39 10.20 00 06
-101.5100 17.3000 2018 10 11 2.45 3.40 00 32
-101.6300 17.3800 2018 10 11 2.52 7.00 00 52
-101.3900 17.2100 2018 10 11 1.69 5.00 02 14
-101.3900 17.2100 2018 10 11 1.62 5.00 02 14
-101.5000 17.1300 2018 10 11 1.35 12.00 03 36
-100.0000 16.9400 2018 10 11 2.97 5.20 04 06
-101.3000 17.1800 2018 10 11 1.94 4.20 04 46
-101.2200 17.2900 2018 10 11 2.12 46.00 04 55
-101.3000 17.3200 2018 10 11 2.56 10.00 06 32
-101.4200 17.1800 2018 10 11 1.85 12.20 09 20
-100.3500 17.1900 2018 10 11 2.17 5.00 12 18
-101.6300 17.3100 2018 10 11 3.37 8.00 12 29
-101.3900 17.1500 2018 10 11 1.93 4.20 12 32
-101.3900 17.2700 2018 10 11 2.18 8.20 13 24
-101.3900 17.2200 2018 10 11 3.40 7.00 13 36
-101.3900 17.2200 2018 10 11 2.00 7.00 13 48
-101.3900 17.2100 2018 10 11 2.21 3.00 13 51
-101.3900 17.2200 2018 10 11 2.06 7.00 13 54
-101.4200 17.2200 2018 10 11 1.97 7.00 14 13
-101.6400 17.2300 2018 10 11 2.14 11.00 14 34
-101.4200 17.2100 2018 10 11 1.57 4.20 14 58
-100.3500 17.1900 2018 10 11 2.03 7.00 15 01
-101.4200 17.1600 2018 10 11 1.82 1.00 15 02
-100.0500 17.0300 2018 10 11 2.61 5.00 15 03
-101.4500 17.2700 2018 10 11 2.18 5.00 15 21
-100.7000 16.8800 2018 10 11 1.57 3.00 15 30
-101.3000 17.2700 2018 10 11 1.73 8.20 15 38
-101.4500 17.2700 2018 10 11 2.27 5.00 15 54
-101.3000 17.1500 2018 10 11 1.71 12.20 16 05
-100.0000 16.9400 2018 10 11 2.97 5.20 16 20
-101.5700 17.3400 2018 10 11 2.87 10.00 16 28
-101.5700 17.2800 2018 10 11 2.67 6.00 16 45
-101.4200 17.2700 2018 10 11 1.89 4.20 18 44
-100.7000 17.0000 2018 10 11 1.74 9.00 21 22
-101.3600 17.2200 2018 10 11 2.27 5.00 22 27
-100.4000 17.0100 2018 10 11 1.98 21.20 22 55
-101.0800 17.3500 2018 10 11 2.24 8.00 23 06
-101.2700 17.3800 2018 10 11 -1.19 10.00 23 58
-101.3900 17.2100 2018 10 12 1.61 3.00 00 22
-101.3600 17.2200 2018 10 12 1.32 5.00 00 24
-100.3700 16.9300 2018 10 12 1.78 24.00 00 30
-100.0300 16.9800 2018 10 12 2.48 5.00 00 50
-101.4500 17.2700 2018 10 12 1.96 5.00 01 14
-101.4500 17.2400 2018 10 12 1.97 3.00 01 30
-101.3600 17.1900 2018 10 12 2.24 3.00 01 47
-101.3600 17.2200 2018 10 12 1.97 5.00 03 17
-100.7900 16.9400 2018 10 12 1.24 0.00 03 18
-101.4700 17.1600 2018 10 12 1.44 10.00 03 18
-101.4500 17.2400 2018 10 12 1.73 7.00 03 35
-101.3600 17.2200 2018 10 12 1.84 5.00 04 22
-101.6000 17.6500 2018 10 12 2.20 47.20 04 40
-101.3900 17.2100 2018 10 12 2.11 3.00 04 44
-101.1700 17.0300 2018 10 12 2.36 14.10 05 35
-101.3600 17.2200 2018 10 12 4.00 5.00 05 56
-101.3600 17.2200 2018 10 12 2.51 5.00 05 58
-101.3600 17.2200 2018 10 12 3.52 5.00 06 00
-101.3600 17.3000 2018 10 12 2.33 3.00 06 05
-101.3600 17.2200 2018 10 12 1.88 5.00 06 06
-101.4500 17.2700 2018 10 12 2.36 7.00 06 09
-101.3900 17.2100 2018 10 12 2.38 3.00 06 09
-101.4200 17.2400 2018 10 12 2.32 3.00 06 09
-101.3300 17.1600 2018 10 12 1.92 3.00 06 14
-101.3600 17.2200 2018 10 12 2.06 5.00 06 18
-101.4500 17.3000 2018 10 12 2.22 7.00 06 25
-101.5700 17.3400 2018 10 12 2.60 12.00 06 26
-101.4800 17.2700 2018 10 12 2.48 5.00 06 27
-101.4500 17.3000 2018 10 12 2.25 7.00 06 34
-101.3900 17.2100 2018 10 12 2.09 3.00 07 00
-100.7000 16.8800 2018 10 12 1.56 9.00 07 09
-101.4200 17.2400 2018 10 12 1.98 7.00 07 09
-101.4500 17.2700 2018 10 12 2.44 5.00 07 19
-100.9700 17.3700 2018 10 12 1.70 10.00 08 08
-101.4200 17.2400 2018 10 12 2.22 5.00 08 10
-101.3600 17.1800 2018 10 12 2.01 1.00 08 40
-101.3600 17.2200 2018 10 12 2.39 5.00 08 51
-101.4200 17.2400 2018 10 12 2.36 3.00 09 12
-100.3900 17.1400 2018 10 12 2.56 36.00 09 41
-100.8700 16.4700 2018 10 12 2.61 20.00 10 13
-101.0800 17.3500 2018 10 12 2.24 6.00 11 13
-101.4500 17.1800 2018 10 12 2.50 5.00 11 15
-101.4200 17.2400 2018 10 12 2.07 3.00 11 20
-101.3600 17.2200 2018 10 12 2.19 5.00 12 45
-100.3900 17.0400 2018 10 12 2.35 44.80 12 53
-101.0600 17.5100 2018 10 12 2.10 7.10 13 18
-101.1000 17.2600 2018 10 12 2.66 26.00 13 18
-101.2100 17.2600 2018 10 12 2.15 6.00 13 24
-101.0200 17.2600 2018 10 12 1.88 5.00 13 35
-101.3600 17.2100 2018 10 12 1.93 4.20 13 54
-100.6600 17.0400 2018 10 12 1.73 5.70 14 45
-100.3500 17.1900 2018 10 12 2.09 7.00 15 27
-101.6300 17.2800 2018 10 12 2.65 12.00 17 39
-101.4800 17.2700 2018 10 12 2.32 5.00 18 15
-101.2200 17.2400 2018 10 12 2.46 31.70 19 51
-100.8300 17.3000 2018 10 12 3.02 47.40 20 17
-100.9600 17.3200 2018 10 12 2.22 7.00 23 11
-101.3900 17.2100 2018 10 12 1.47 3.00 23 37
-101.3900 17.2100 2018 10 12 0.17 3.00 23 54
-100.3400 17.1600 2018 10 13 1.88 36.00 01 04
-101.1800 17.4500 2018 10 13 2.39 22.60 01 07
-101.4200 17.1500 2018 10 13 2.19 12.20 01 07
-101.4200 17.2400 2018 10 13 1.85 8.20 01 16
-101.6000 17.2800 2018 10 13 2.30 12.00 01 46
-101.0600 17.2000 2018 10 13 1.16 8.00 03 47
-101.1500 17.4400 2018 10 13 2.60 13.20 03 48
-100.6700 16.9400 2018 10 13 1.36 7.00 04 01
-101.5200 17.4000 2018 10 13 2.48 0.00 04 38
-101.3600 17.2100 2018 10 13 1.88 8.20 04 52
-101.1500 17.4400 2018 10 13 2.75 13.20 05 22
-101.1800 17.3500 2018 10 13 3.03 15.20 06 51
-101.1700 17.2400 2018 10 13 2.72 46.30 06 51
-101.3900 17.1500 2018 10 13 2.42 8.20 06 51
-100.7900 16.9700 2018 10 13 1.50 3.00 06 53
-101.1700 17.0500 2018 10 13 1.55 16.00 07 07
-101.1200 17.2200 2018 10 13 1.70 18.00 08 11
-101.3600 17.2100 2018 10 13 1.90 8.20 08 23
-100.0500 17.2700 2018 10 13 3.30 44.50 09 21
-100.7400 16.4900 2018 10 13 1.58 17.00 09 57
-100.3500 17.1900 2018 10 13 2.12 5.00 10 40
-100.1000 16.8100 2018 10 13 4.20 5.00 11 24
-100.9000 16.9500 2018 10 13 1.54 18.10 11 48
-100.1000 16.8100 2018 10 13 1.73 5.00 11 52
-100.3700 16.7800 2018 10 13 2.01 5.00 11 52
-100.1000 16.8100 2018 10 13 1.54 5.00 12 11
-100.1000 16.8100 2018 10 13 1.63 5.00 12 46
-101.3900 17.7200 2018 10 13 2.62 40.00 13 52
-101.3500 17.2500 2018 10 13 2.23 10.00 13 53
-100.1500 17.1700 2018 10 13 2.81 45.00 13 57
-101.3300 17.2800 2018 10 13 2.25 5.00 14 13
-100.2000 16.8500 2018 10 13 2.52 3.00 15 12
-100.4900 16.8700 2018 10 13 1.81 1.00 15 12
-101.4500 17.3000 2018 10 13 2.30 7.00 15 47
-100.5800 16.9600 2018 10 13 1.82 2.00 16 44
-100.3800 17.1700 2018 10 13 2.90 38.00 16 44
-100.3700 16.8300 2018 10 13 2.28 3.00 16 44
-101.4200 17.3000 2018 10 13 2.41 1.00 17 02
-100.7900 16.8800 2018 10 13 1.70 9.00 17 51
-100.9700 17.3100 2018 10 13 2.45 12.00 18 10
-101.3300 17.2400 2018 10 13 1.95 6.20 18 10
-101.0400 17.2400 2018 10 13 3.11 8.20 18 17
-101.3300 17.1500 2018 10 13 1.81 6.20 18 44
-101.0900 17.2800 2018 10 13 1.79 18.00 18 50
-101.0100 17.1800 2018 10 13 1.99 4.20 19 24
-101.3900 17.2500 2018 10 13 1.82 7.00 20 46
-101.0600 17.3800 2018 10 13 3.38 13.20 20 50
-101.1900 17.3500 2018 10 13 3.28 42.00 20 51
-101.4900 17.4300 2018 10 13 2.69 0.00 21 42
-101.3500 17.2100 2018 10 13 2.24 8.70 21 43
-100.9600 17.0800 2018 10 13 2.71 10.70 21 50
-100.9300 16.8900 2018 10 13 2.29 16.10 21 50
-101.1100 17.2300 2018 10 13 2.02 6.00 21 56
-100.3700 16.8700 2018 10 13 2.30 9.00 22 03
-100.3300 16.8700 2018 10 13 2.61 2.00 22 49
-101.0500 17.2900 2018 10 14 1.06 8.00 00 10
-100.9600 17.0800 2018 10 14 4.21 10.70 01 44
-100.9300 16.8900 2018 10 14 3.75 16.10 01 44
-100.9300 16.8900 2018 10 14 2.22 16.10 01 51
-100.9300 16.8900 2018 10 14 2.16 16.10 01 52
-100.9300 16.8900 2018 10 14 1.69 16.10 01 56
-100.9300 16.8900 2018 10 14 2.66 16.10 02 03
-100.9300 16.8900 2018 10 14 2.61 16.10 02 03
-100.9300 16.8900 2018 10 14 2.25 16.10 02 06
-100.9300 16.8900 2018 10 14 1.72 16.10 02 09
-100.9300 16.8900 2018 10 14 1.75 16.10 02 19
-100.9300 16.8900 2018 10 14 1.94 16.10 02 32
-100.9300 16.8900 2018 10 14 1.59 16.10 03 15
-100.9300 16.8900 2018 10 14 1.56 16.10 03 20
-100.9300 16.8900 2018 10 14 1.63 16.10 03 21
-100.9300 16.8900 2018 10 14 3.32 16.10 03 31
-100.9300 16.8900 2018 10 14 3.90 16.10 03 32
-100.9300 16.8900 2018 10 14 2.73 16.10 03 32
-100.9300 16.8900 2018 10 14 2.00 16.10 03 45
-100.9300 16.8900 2018 10 14 1.51 16.10 04 03
-101.1200 17.2200 2018 10 14 2.37 18.00 04 36
-101.5600 17.1900 2018 10 14 1.76 6.00 04 36
-101.0800 17.2900 2018 10 14 2.15 14.00 06 26
-100.7900 16.9400 2018 10 14 1.71 5.00 06 52
-100.9300 16.8900 2018 10 14 1.66 16.10 08 08
-100.9300 16.8900 2018 10 14 1.46 16.10 09 29
-100.0000 16.9700 2018 10 14 3.50 7.30 12 30
-101.3800 17.3800 2018 10 14 1.46 32.60 13 25
-101.3800 17.3800 2018 10 14 1.18 32.60 13 35
-101.1200 17.5900 2018 10 14 1.87 53.30 13 39
-101.1700 17.2400 2018 10 14 2.11 46.30 14 42
-101.0500 17.2600 2018 10 14 2.88 8.00 16 10
-101.1200 17.2200 2018 10 14 2.06 20.00 16 16
-101.1700 17.2400 2018 10 14 1.99 46.30 16 39
-101.1900 17.6600 2018 10 14 3.78 48.00 17 39
-101.2600 17.2400 2018 10 14 2.93 11.60 17 39
-100.3800 16.9200 2018 10 14 3.70 5.00 17 58
-101.4200 17.1500 2018 10 14 1.69 8.20 18 43
-101.1500 17.3200 2018 10 14 3.20 17.20 19 20
-101.5900 17.1300 2018 10 14 1.72 12.00 19 36
-101.5400 17.3400 2018 10 14 2.51 6.00 19 38
-101.5100 17.2200 2018 10 14 2.55 14.00 19 42
-101.6000 17.2100 2018 10 14 2.66 6.00 19 44
-101.2300 17.2400 2018 10 14 2.59 9.60 19 48
-101.2300 17.3300 2018 10 14 3.17 13.60 20 20
-101.0500 17.2000 2018 10 14 2.84 7.00 20 20
-100.4900 16.9300 2018 10 14 1.99 9.00 20 36
-101.3300 17.2400 2018 10 14 2.12 1.00 20 55
-101.2000 17.2700 2018 10 14 2.50 50.30 21 58
-101.4500 17.1800 2018 10 14 2.16 7.00 22 03
-100.9000 16.4400 2018 10 14 1.71 12.00 22 36
-101.3600 17.1800 2018 10 14 2.04 9.00 22 45
-100.1400 17.2000 2018 10 14 3.14 49.20 22 55
-101.3300 17.2700 2018 10 14 1.90 7.00 23 04
-101.3000 17.2100 2018 10 15 1.27 6.20 00 29
-101.6000 17.2500 2018 10 15 2.17 14.00 00 41
-100.4900 16.9000 2018 10 15 1.77 3.00 01 47
-101.0600 17.1900 2018 10 15 1.35 24.00 02 02
-100.6700 16.8800 2018 10 15 1.59 9.00 02 11
-100.1400 16.8600 2018 10 15 2.40 24.00 02 42
-100.8700 17.4000 2018 10 15 1.40 44.00 03 33
-100.7600 16.9400 2018 10 15 1.65 1.00 06 25
-101.1000 17.1500 2018 10 15 1.71 8.20 07 26
-100.0900 17.2500 2018 10 15 3.60 46.80 07 48
-101.5900 17.4300 2018 10 15 2.79 12.20 08 33
-100.1100 16.9600 2018 10 15 2.76 10.00 08 41
-101.0700 17.1800 2018 10 15 2.69 34.20 12 17
-101.4500 17.2100 2018 10 15 2.18 1.00 15 47
-101.2000 17.2700 2018 10 15 2.19 9.60 16 06
-101.3200 17.3200 2018 10 15 2.24 9.00 17 09
-100.4100 17.0500 2018 10 15 2.57 38.00 18 29
-100.9700 17.3600 2018 10 15 3.30 10.00 19 08
-101.1000 17.2100 2018 10 15 1.99 8.20 19 50
-100.4900 16.9800 2018 10 15 2.29 5.30 21 26
-101.2300 17.1500 2018 10 15 2.28 12.10 22 22
-101.3600 17.3000 2018 10 15 2.03 20.70 22 46
-101.5400 17.2200 2018 10 15 2.66 6.00 22 46
-100.0600 17.0200 2018 10 15 2.47 5.00 23 02
-101.0100 17.3000 2018 10 15 1.41 40.20 23 27
-100.3500 17.1900 2018 10 16 1.72 5.00 01 17
-100.6800 16.4600 2018 10 16 1.33 17.00 01 50
-101.6000 17.2800 2018 10 16 2.54 6.00 03 18
-100.0500 17.0300 2018 10 16 2.55 5.00 03 27
-100.2100 16.8800 2018 10 16 1.54 5.00 03 47
-101.1200 17.4400 2018 10 16 2.59 11.20 03 54
-101.1700 17.2400 2018 10 16 1.86 46.30 07 41
-101.6000 17.4800 2018 10 16 3.14 23.60 08 03
-100.7300 16.9700 2018 10 16 1.71 5.00 08 07
-101.3300 17.3900 2018 10 16 2.11 14.00 09 47
-101.9000 17.5700 2018 10 16 2.37 18.00 10 53
-100.5000 17.0100 2018 10 16 2.26 15.90 11 18
-100.7600 17.1500 2018 10 16 2.99 13.30 13 02
-100.7300 16.9700 2018 10 16 1.76 4.00 13 35
-101.7300 17.4100 2018 10 16 3.20 4.20 14 10
-101.4000 17.3500 2018 10 16 2.47 15.00 15 55
-101.7300 17.4100 2018 10 16 2.70 4.20 17 14
-101.1600 17.2900 2018 10 16 1.84 18.00 17 41
-101.7000 17.4600 2018 10 16 4.00 10.00 18 22
-101.7300 17.4100 2018 10 16 3.16 4.20 18 24
-101.7300 17.4100 2018 10 16 2.62 4.20 18 33
-101.7300 17.4100 2018 10 16 2.56 4.20 18 33
-101.7300 17.4100 2018 10 16 2.66 4.20 18 36
-101.7300 17.4100 2018 10 16 2.65 4.20 18 38
-101.7300 17.4100 2018 10 16 2.67 4.20 18 39
-101.7300 17.4100 2018 10 16 2.72 4.20 18 56
-101.7300 17.4100 2018 10 16 3.80 4.20 19 10
-101.7300 17.4100 2018 10 16 3.06 4.20 19 17
-101.7300 17.4100 2018 10 16 2.76 4.20 19 23
-101.0800 17.2000 2018 10 16 1.87 3.00 19 33
-101.7300 17.4100 2018 10 16 2.78 2.20 20 13
-101.7000 17.3800 2018 10 16 2.79 0.20 20 13
-101.4500 17.4500 2018 10 16 3.60 9.90 22 55
-100.2600 16.9000 2018 10 16 3.60 5.00 23 38
-101.6800 17.2300 2018 10 17 2.33 5.00 00 39
-100.3200 16.8500 2018 10 17 2.32 3.00 00 54
-101.0900 17.3200 2018 10 17 3.79 15.20 01 24
-101.6200 17.2000 2018 10 17 2.54 1.00 01 47
-101.1700 17.2400 2018 10 17 1.85 46.30 02 38
-101.4400 17.3700 2018 10 17 2.33 29.00 02 50
-101.1700 17.2400 2018 10 17 2.25 46.30 03 21
-101.6200 17.2000 2018 10 17 2.63 1.00 03 34
-101.6200 17.2000 2018 10 17 2.56 1.00 03 59
-101.6200 17.2000 2018 10 17 2.62 1.00 04 56
-101.6800 17.2300 2018 10 17 2.64 5.00 04 57
-101.6200 17.2000 2018 10 17 2.63 1.00 04 58
-101.6800 17.2300 2018 10 17 3.39 5.00 04 58
-101.6800 17.2300 2018 10 17 2.82 7.00 04 59
-101.6200 17.2000 2018 10 17 2.58 1.00 05 01
-101.6800 17.2300 2018 10 17 4.00 5.00 05 04
-101.6800 17.2300 2018 10 17 3.28 5.00 05 14
-100.5600 16.9400 2018 10 17 3.03 30.00 05 20
-101.6800 17.2300 2018 10 17 2.69 7.00 05 22
-101.6800 17.2300 2018 10 17 2.95 7.00 05 25
-101.6200 17.2000 2018 10 17 2.67 1.00 05 26
-101.7100 17.2300 2018 10 17 2.66 5.00 05 28
-100.6300 17.0600 2018 10 17 1.85 9.50 05 29
-100.1400 17.2300 2018 10 17 3.23 53.20 05 41
-100.3700 16.9100 2018 10 17 2.90 34.00 05 41
-101.6800 17.2300 2018 10 17 2.67 7.00 05 51
-101.6800 17.2300 2018 10 17 2.75 5.00 05 53
-101.6800 17.2300 2018 10 17 2.71 5.00 05 55
-101.6200 17.2000 2018 10 17 2.68 3.00 06 11
-101.6800 17.2300 2018 10 17 2.68 7.00 06 11
-101.7100 17.2300 2018 10 17 2.75 5.00 06 14
-101.6800 17.2300 2018 10 17 3.42 5.00 06 36
-101.6200 17.2000 2018 10 17 3.23 3.00 06 38
-101.6800 17.2300 2018 10 17 2.62 7.00 06 54
-100.1100 16.9600 2018 10 17 2.98 10.00 07 29
-100.2900 16.8600 2018 10 17 3.15 19.50 07 41
-101.6800 17.2300 2018 10 17 2.40 5.00 07 44
-101.4500 17.7400 2018 10 17 2.69 40.50 09 17
-100.4900 16.9000 2018 10 17 1.66 7.00 09 29
-101.1700 17.2400 2018 10 17 2.00 46.30 09 34
-100.7900 17.0300 2018 10 17 1.28 0.00 09 44
-101.7300 17.4100 2018 10 17 2.93 4.20 10 45
-101.6200 17.2000 2018 10 17 2.77 3.00 12 57
-101.3000 17.2100 2018 10 17 1.67 4.20 13 42
-101.0600 17.3200 2018 10 17 3.19 11.20 15 27
-101.1200 17.2200 2018 10 17 1.80 18.00 15 31
-101.1800 17.5200 2018 10 17 3.28 55.70 15 40
-101.2900 17.2900 2018 10 17 2.67 16.00 18 05
-101.2900 17.2900 2018 10 17 1.64 16.00 18 13
-100.4700 17.2700 2018 10 17 2.67 37.00 18 26
-100.3700 16.9300 2018 10 17 2.06 24.00 18 51
-100.6700 17.0300 2018 10 17 2.01 25.00 19 08
-100.7000 16.8800 2018 10 17 1.31 7.00 19 14
-100.0600 17.0500 2018 10 17 3.53 42.00 19 15
-100.6700 16.9100 2018 10 17 1.28 -2.00 19 23
-101.5800 17.2700 2018 10 17 2.26 5.00 19 27
-100.7300 17.0000 2018 10 17 1.74 5.00 21 01
-101.0500 17.2600 2018 10 17 2.36 7.00 21 03
-101.0800 17.2900 2018 10 17 1.80 10.00 21 21
-100.2200 17.7200 2018 10 17 3.21 109.40 22 07
-100.3500 17.1900 2018 10 17 2.29 5.00 22 18
-100.7100 16.4000 2018 10 17 1.48 19.00 22 50
-100.4800 17.3300 2018 10 18 1.08 50.00 00 04
-100.4100 17.1500 2018 10 18 2.58 37.00 02 11
-100.4600 16.8100 2018 10 18 1.84 9.00 02 11
-100.3900 17.1000 2018 10 18 2.16 44.80 03 00
-101.0400 17.2400 2018 10 18 1.80 4.20 03 45
-101.3000 17.1500 2018 10 18 2.00 8.20 03 45
-101.5400 17.4400 2018 10 18 3.02 9.70 04 55
-101.5700 17.2200 2018 10 18 2.81 10.00 04 55
-100.7700 17.2500 2018 10 18 1.91 23.00 05 37
-100.4600 16.8100 2018 10 18 1.93 9.00 10 44
-101.1500 17.2100 2018 10 18 2.13 34.00 10 47
-100.3400 16.9600 2018 10 18 3.60 34.50 13 35
-101.3500 17.5900 2018 10 18 1.99 46.00 14 40
-100.5500 17.0500 2018 10 18 2.33 10.00 15 44
-100.0300 16.9800 2018 10 18 3.10 5.00 15 53
-101.3100 17.3000 2018 10 18 2.50 27.00 17 03
-101.1700 17.0600 2018 10 18 1.99 12.10 17 25
-100.9100 16.2300 2018 10 18 1.52 14.30 17 33
-101.6000 17.2200 2018 10 18 2.37 12.00 17 56
-101.6600 17.4400 2018 10 18 2.40 9.00 17 57
-101.6100 17.3500 2018 10 18 2.16 7.00 17 57
-101.0500 16.4600 2018 10 18 1.76 14.00 18 33
-100.8600 17.3400 2018 10 18 2.61 32.00 19 21
-101.1800 17.4500 2018 10 18 2.68 28.60 20 20
-101.3600 17.1800 2018 10 18 1.88 5.00 21 06
-100.4200 16.6200 2018 10 18 1.60 4.00 22 06
-100.7000 16.8800 2018 10 18 1.39 7.00 22 14
-101.6600 17.3800 2018 10 18 2.58 5.00 22 35
-101.5200 17.2600 2018 10 18 2.16 3.00 22 35
-100.4200 16.6200 2018 10 18 1.29 4.00 23 00
-101.0400 17.2400 2018 10 18 1.78 36.20 23 36
-101.1000 17.3000 2018 10 18 0.85 32.20 23 44
-100.0500 16.8700 2018 10 19 4.10 5.00 00 39
-100.0500 16.8700 2018 10 19 2.33 5.00 00 47
-100.7900 16.8800 2018 10 19 1.62 1.00 01 31
-100.3700 16.9300 2018 10 19 2.24 24.00 01 34
-101.4900 17.3600 2018 10 19 2.41 5.00 02 05
-101.2300 17.0500 2018 10 19 3.25 14.10 02 16
-100.0500 16.8700 2018 10 19 2.36 5.00 04 50
-100.0500 16.8700 2018 10 19 2.34 5.00 06 08
-100.7100 16.3600 2018 10 19 2.15 16.10 07 13
-101.0800 17.6900 2018 10 19 3.56 57.80 07 41
-101.6300 17.3100 2018 10 19 2.78 8.00 09 25
-100.3700 16.9300 2018 10 19 2.23 24.00 09 46
-100.3500 17.1900 2018 10 19 1.83 5.00 10 23
-101.5100 17.4400 2018 10 19 2.22 6.80 10 55
-100.0500 16.8700 2018 10 19 2.28 5.00 11 36
-100.8300 17.3000 2018 10 19 3.70 43.40 12 31
-100.0500 16.8700 2018 10 19 2.44 5.00 12 59
-101.1900 17.2600 2018 10 19 3.05 50.00 13 41
-100.7000 17.0300 2018 10 19 1.30 6.00 15 17
-100.7100 16.3000 2018 10 19 2.08 6.00 15 53
-101.0400 17.2700 2018 10 19 2.69 34.20 19 16
-100.6100 17.1000 2018 10 19 2.49 7.00 23 14
-100.8700 17.0600 2018 10 19 2.27 17.00 23 16
-100.3500 17.1900 2018 10 19 1.44 5.00 23 44
-100.0500 16.8500 2018 10 20 3.70 5.00 00 25
-100.9800 17.1200 2018 10 20 1.52 8.20 00 32
-100.3700 16.9300 2018 10 20 2.29 24.00 01 25
-101.0600 17.4400 2018 10 20 2.69 15.20 02 21
-101.2100 17.2300 2018 10 20 2.65 13.00 02 21
-100.4400 16.8500 2018 10 20 3.34 24.00 03 06
-100.4800 16.7600 2018 10 20 3.16 14.00 03 06
-101.3600 17.1500 2018 10 20 1.77 12.20 03 37
-101.4100 17.4600 2018 10 20 2.13 28.00 03 48
-101.0900 17.4400 2018 10 20 2.96 15.20 03 56
-101.1900 17.3300 2018 10 20 2.85 35.70 03 57
-101.2200 17.3600 2018 10 20 2.17 29.70 03 57
-100.0800 17.1400 2018 10 20 2.96 49.00 04 00
-100.8400 16.4600 2018 10 20 1.70 5.80 05 26
-101.4300 17.4000 2018 10 20 2.62 8.00 06 18
-101.6000 17.3100 2018 10 20 2.39 12.00 06 36
-100.7900 16.8800 2018 10 20 1.46 7.00 06 43
-101.1200 17.3500 2018 10 20 3.35 13.20 07 06
-100.8900 17.2000 2018 10 20 2.77 28.70 07 06
-101.4900 17.4600 2018 10 20 2.65 32.00 07 13
-101.5300 17.2500 2018 10 20 1.62 12.00 07 13
-101.6000 17.2500 2018 10 20 2.56 8.00 07 23
-101.0400 17.2100 2018 10 20 1.33 10.20 07 33
-101.6000 17.2500 2018 10 20 2.43 14.00 07 51
-101.5400 17.2500 2018 10 20 2.39 6.00 07 51
-101.4700 17.1000 2018 10 20 2.20 16.00 08 34
-100.7900 16.9700 2018 10 20 1.37 6.00 08 38
-100.0000 16.8300 2018 10 20 3.80 5.00 08 41
-101.0900 17.3800 2018 10 20 3.31 11.20 08 41
-100.7700 16.9900 2018 10 20 3.35 3.00 08 41
-100.0000 16.8300 2018 10 20 2.46 5.00 08 46
-100.7600 16.8800 2018 10 20 1.50 7.00 08 54
-101.1500 17.4400 2018 10 20 2.67 17.20 09 32
-101.1800 17.4400 2018 10 20 3.15 17.20 09 32
-101.5600 17.2500 2018 10 20 2.54 10.00 09 32
-100.7600 17.0000 2018 10 20 1.51 3.00 09 45
-100.4300 16.8700 2018 10 20 1.81 3.00 10 01
-101.0900 17.3200 2018 10 20 3.14 13.20 10 09
-101.4800 17.3000 2018 10 20 2.10 9.00 10 23
-100.7300 16.9400 2018 10 20 1.71 7.00 12 22
-101.1800 17.4100 2018 10 20 2.69 11.20 12 50
-101.4800 17.2100 2018 10 20 2.31 24.00 12 50
-101.0200 17.2600 2018 10 20 2.09 5.00 13 06
-100.6300 17.0600 2018 10 20 1.84 9.50 13 40
-100.4100 16.9900 2018 10 20 2.73 14.00 14 01
-99.9400 17.1200 2018 10 20 2.84 31.00 15 23
-101.3500 17.6000 2018 10 20 2.76 44.00 19 42
-101.0800 17.2000 2018 10 20 2.11 9.00 20 09
-100.2100 16.8400 2018 10 20 2.98 4.00 22 05
-100.4900 16.8700 2018 10 20 2.37 7.00 22 05
-100.7000 16.9700 2018 10 20 1.74 1.00 22 10
-100.2000 17.1700 2018 10 20 3.24 51.20 22 18
-101.0800 17.3200 2018 10 20 1.87 7.00 22 25
-101.3500 17.5700 2018 10 20 2.76 42.00 23 02
-101.4600 17.3500 2018 10 20 2.12 22.00 23 02
-100.4300 16.8700 2018 10 20 0.62 1.00 23 49
-101.0500 17.2300 2018 10 21 1.65 12.00 00 22
-100.3900 17.1000 2018 10 21 2.73 44.80 00 22
-100.6100 17.1000 2018 10 21 2.24 7.00 01 01
-100.7900 16.9100 2018 10 21 1.51 7.00 01 49
-101.0300 17.4700 2018 10 21 2.71 9.00 02 11
-101.1700 17.2400 2018 10 21 2.52 46.30 02 11
-101.5200 17.3800 2018 10 21 2.92 9.00 04 03
-101.2700 17.3900 2018 10 21 2.12 9.00 06 48
-100.4100 17.0500 2018 10 21 2.60 42.00 07 26
-101.5500 17.2900 2018 10 21 2.50 5.00 08 03
-100.4000 17.2100 2018 10 21 3.90 36.90 08 22
-101.2100 17.4200 2018 10 21 2.93 28.60 09 17
-101.3000 17.2100 2018 10 21 2.69 4.20 09 17
-101.4800 17.2700 2018 10 21 2.29 3.40 09 21
-100.4600 16.8700 2018 10 21 1.76 1.00 09 41
-100.2500 16.8100 2018 10 21 3.40 5.00 11 37
-101.4400 17.3600 2018 10 21 2.57 25.00 12 06
-101.0200 17.2900 2018 10 21 1.98 5.00 12 21
-101.4500 17.2400 2018 10 21 2.52 27.30 13 10
-101.0200 17.2600 2018 10 21 1.89 5.00 13 30
-100.3500 17.1900 2018 10 21 2.04 5.00 14 49
-100.9900 17.5000 2018 10 21 1.78 50.00 15 15
-101.0500 17.2000 2018 10 21 1.88 1.00 15 15
-101.0400 17.3000 2018 10 21 1.97 38.20 16 20
-100.7900 16.8800 2018 10 21 1.70 5.00 17 49
-101.0700 17.2400 2018 10 21 1.82 36.20 19 12
-100.0100 17.1300 2018 10 21 3.90 37.50 19 15
-100.4000 17.0200 2018 10 21 4.70 14.10 19 15
-101.4600 17.4000 2018 10 21 3.03 4.00 20 30
-101.4800 17.1800 2018 10 21 2.61 3.00 20 31
-100.7000 16.8800 2018 10 21 1.45 1.00 20 40
-100.2500 16.8100 2018 10 21 2.89 5.00 20 46
-100.7200 17.0600 2018 10 21 3.09 3.00 22 03
-100.4000 16.8100 2018 10 21 1.74 3.00 22 26
-100.1400 17.0000 2018 10 21 1.34 47.00 23 42
-100.7900 16.9100 2018 10 21 0.78 0.00 23 43
-101.1200 17.2200 2018 10 22 2.02 18.00 02 22
-101.3700 17.3900 2018 10 22 1.98 11.90 03 26
-101.6000 17.5100 2018 10 22 3.28 40.90 04 02
-101.2000 17.2400 2018 10 22 2.48 13.60 05 09
-100.3500 17.1900 2018 10 22 2.14 5.00 06 40
-101.1700 17.2400 2018 10 22 2.03 46.30 10 13
-100.4600 16.8100 2018 10 22 2.09 5.00 12 12
-101.0300 17.2800 2018 10 22 3.90 16.10 13 38
-101.5000 17.7500 2018 10 22 1.55 35.90 14 40
-101.3800 17.3800 2018 10 22 2.14 30.90 15 15
-100.4800 16.9100 2018 10 22 4.00 3.50 17 04
-100.4800 16.9100 2018 10 22 1.22 3.50 17 09
-100.4800 16.9100 2018 10 22 1.25 3.50 17 10
-100.4500 16.9400 2018 10 22 3.17 8.60 17 11
-100.4500 16.9400 2018 10 22 3.60 8.60 17 21
-101.1500 17.1900 2018 10 22 3.32 20.00 17 45
-101.3300 17.1500 2018 10 22 3.06 10.20 17 45
-100.4500 16.9400 2018 10 22 2.29 8.60 17 50
-100.4100 17.1500 2018 10 22 3.50 40.50 19 19
-100.7700 16.4900 2018 10 22 1.88 17.00 19 20
-100.4800 16.9100 2018 10 22 1.29 3.50 19 27
-100.4500 16.9400 2018 10 22 2.22 8.60 19 36
-101.2400 17.3200 2018 10 22 1.76 2.00 23 09
-100.1700 17.0500 2018 10 23 2.41 45.50 00 22
-100.4500 16.7300 2018 10 23 2.58 20.00 00 22
-100.6100 17.0500 2018 10 23 1.09 8.00 00 23
-100.6300 17.0600 2018 10 23 3.70 6.70 03 13
-100.1900 16.9100 2018 10 23 3.85 12.00 03 34
-100.4900 16.9000 2018 10 23 2.92 3.00 03 34
-101.6300 17.5800 2018 10 23 2.78 34.00 03 41
-101.6200 17.4100 2018 10 23 4.57 2.50 03 59
-101.5500 17.1100 2018 10 23 3.90 10.00 03 59
-101.0500 17.2900 2018 10 23 2.89 6.00 04 30
-101.2600 17.4700 2018 10 23 2.44 44.00 04 50
-101.0600 17.4100 2018 10 23 2.62 9.00 05 48
-101.3500 17.5400 2018 10 23 2.98 44.00 07 03
-100.3900 16.9600 2018 10 23 3.05 15.00 09 11
-100.5400 16.8400 2018 10 23 2.57 1.00 09 11
-101.4500 17.3300 2018 10 23 2.30 27.30 10 20
-101.4300 17.3400 2018 10 23 2.79 2.00 11 04
-101.4000 17.3100 2018 10 23 2.59 0.00 11 05
-101.5000 17.3400 2018 10 23 2.35 29.50 11 32
-101.5200 17.2700 2018 10 23 2.56 5.00 11 32
-101.6100 17.4500 2018 10 23 3.40 14.10 11 46
-101.4100 17.2200 2018 10 23 2.76 9.00 11 46
-101.4200 17.3000 2018 10 23 2.30 5.00 11 56
-100.7400 16.4600 2018 10 23 1.68 21.00 13 50
-101.2100 17.5500 2018 10 23 2.95 53.70 13 52
-101.2000 17.0600 2018 10 23 2.59 20.10 14 08
-100.3700 17.1900 2018 10 23 3.90 43.00 15 16
-100.5700 16.9300 2018 10 23 4.26 3.60 15 16
-101.5500 17.2600 2018 10 23 2.60 9.00 16 25
-101.1200 17.1600 2018 10 23 1.94 14.00 17 41
-100.8600 16.5000 2018 10 23 2.31 17.00 18 02
-101.3600 17.2200 2018 10 23 1.94 5.00 18 38
-100.4300 16.9500 2018 10 23 2.64 17.60 19 08
-100.7900 16.9100 2018 10 23 1.70 7.00 19 08
-100.6200 17.0400 2018 10 23 2.23 7.00 19 45
-100.6200 16.9600 2018 10 23 1.82 1.00 19 45
-101.5400 17.2800 2018 10 23 2.41 10.00 20 07
-101.0400 17.2700 2018 10 23 2.09 34.20 20 12
-101.3900 17.7100 2018 10 23 2.46 42.50 20 16
-101.4200 17.3900 2018 10 23 2.33 37.40 20 16
-100.3500 17.1900 2018 10 23 2.00 5.00 20 19
-100.0200 17.1700 2018 10 23 2.71 10.00 20 30
-101.2300 17.1500 2018 10 23 3.62 18.10 21 14
-100.1300 16.8100 2018 10 23 3.09 2.00 22 10
-100.5800 17.0100 2018 10 23 3.50 12.80 22 27
-100.1000 16.8100 2018 10 23 2.97 2.00 22 42
-100.7600 16.9100 2018 10 23 1.61 5.00 23 05
-101.4200 17.2100 2018 10 24 0.77 7.00 00 09
-101.5700 17.3100 2018 10 24 2.29 8.00 01 12
-101.0600 17.1900 2018 10 24 0.87 24.00 01 22
-100.7600 16.8800 2018 10 24 1.53 3.00 01 26
-100.7300 16.9100 2018 10 24 1.49 5.00 01 31
-100.5500 16.9300 2018 10 24 1.59 10.00 02 34
-100.7600 16.9100 2018 10 24 1.51 9.00 02 45
-101.3300 17.2100 2018 10 24 1.64 4.20 02 53
-101.3300 17.2400 2018 10 24 1.74 1.00 03 11
-100.6800 16.4600 2018 10 24 1.57 15.00 03 56
-101.0900 17.2800 2018 10 24 1.69 18.00 04 06
-100.5100 16.5600 2018 10 24 4.20 15.00 06 20
-100.7100 16.4600 2018 10 24 1.64 15.00 06 23
-101.1500 17.3800 2018 10 24 2.63 13.20 07 15
-101.4500 17.2400 2018 10 24 2.19 7.00 07 39
-101.0100 17.1500 2018 10 24 1.48 4.20 08 51
-100.9900 17.2000 2018 10 24 2.38 3.00 09 53
-101.5700 17.2200 2018 10 24 2.72 10.00 10 19
-101.3600 17.2100 2018 10 24 1.90 6.20 11 41
-100.7700 17.0500 2018 10 24 3.69 8.00 14 20
-101.0500 17.2300 2018 10 24 2.05 5.00 15 07
-101.0400 17.2700 2018 10 24 2.05 38.20 15 22
-101.5200 17.3500 2018 10 24 2.32 1.00 15 22
-100.5800 16.9900 2018 10 24 1.50 10.00 15 37
-101.1700 17.2700 2018 10 24 2.26 9.60 15 55
-101.0400 17.3000 2018 10 24 2.06 40.20 16 03
-101.0700 17.1200 2018 10 24 2.55 12.20 16 14
-101.5400 17.3100 2018 10 24 2.74 6.00 16 55
-101.3800 17.5400 2018 10 24 2.62 45.40 19 08
-101.3300 17.1800 2018 10 24 2.08 9.00 19 08
-101.0600 17.4100 2018 10 24 3.60 17.20 20 15
-100.8400 17.1300 2018 10 24 3.22 10.00 20 15
-101.1800 17.3800 2018 10 24 2.40 9.20 21 25
-101.2000 17.1200 2018 10 24 2.19 16.10 21 48
-101.4800 17.5100 2018 10 24 2.92 9.90 21 50
-101.4800 17.2700 2018 10 24 2.54 3.00 21 50
-101.2300 17.3000 2018 10 24 2.26 9.60 23 14
-100.0900 16.6600 2018 10 25 3.40 12.40 00 05
-101.3600 17.2100 2018 10 25 2.37 7.00 01 11
-101.5700 17.4500 2018 10 25 3.51 31.00 03 39
-101.3600 17.2400 2018 10 25 3.05 3.00 03 39
-101.2000 17.1500 2018 10 25 2.37 12.10 05 25
-101.5900 17.4400 2018 10 25 2.84 7.80 05 30
-100.3900 16.9400 2018 10 25 3.50 13.80 06 27
-100.4600 16.9900 2018 10 25 3.03 8.10 06 34
-101.5500 17.7800 2018 10 25 3.67 39.00 06 46
-100.4600 16.9900 2018 10 25 3.50 8.10 07 19
-100.2500 16.9100 2018 10 25 3.37 12.00 09 28
-101.5100 17.2800 2018 10 25 2.42 14.00 09 51
-101.4500 17.1800 2018 10 25 2.04 15.60 10 47
-100.3700 16.5800 2018 10 25 2.38 4.30 11 36
-101.3300 17.3900 2018 10 25 3.90 5.00 11 41
-101.3300 17.3900 2018 10 25 2.04 5.00 11 45
-101.2100 17.3600 2018 10 25 3.34 28.60 12 07
-100.7600 16.9100 2018 10 25 1.69 3.00 13 03
-101.5900 17.4400 2018 10 25 2.61 7.80 13 10
-101.0100 17.1800 2018 10 25 1.85 6.20 13 14
-101.3000 17.4500 2018 10 25 2.03 7.00 13 20
-101.3300 17.3900 2018 10 25 1.99 5.00 14 19
-101.3300 17.3900 2018 10 25 2.54 5.00 16 10
-101.0900 17.2800 2018 10 25 2.29 22.00 16 21
-100.7000 16.8800 2018 10 25 2.25 1.00 17 44
-100.7600 16.9700 2018 10 25 1.75 1.00 19 57
-100.7900 17.0000 2018 10 25 2.05 -2.00 20 19
-100.7900 16.8800 2018 10 25 1.72 7.00 21 05
-100.7700 16.4000 2018 10 25 1.95 19.00 23 03
-101.5700 17.5800 2018 10 25 1.65 28.00 23 40
-100.7900 16.9100 2018 10 26 1.02 9.00 00 25
-100.9900 17.3200 2018 10 26 3.02 7.00 01 02
-100.0000 16.9700 2018 10 26 2.88 7.30 04 51
-101.5400 17.2500 2018 10 26 2.50 6.00 05 20
-100.3500 17.1900 2018 10 26 2.04 5.00 05 43
-101.3000 17.2700 2018 10 26 1.90 8.20 05 46
-101.1500 17.2900 2018 10 26 2.53 14.00 05 49
-100.6100 17.1000 2018 10 26 2.44 7.00 07 29
-101.4200 16.6000 2018 10 26 2.60 16.00 09 32
-100.6600 16.9800 2018 10 26 1.77 1.70 09 35
-101.4200 16.6000 2018 10 26 2.80 20.00 09 36
-101.1200 17.2200 2018 10 26 1.87 18.00 10 36
-101.0600 17.3500 2018 10 26 2.07 12.00 11 02
-100.5300 17.1600 2018 10 26 3.90 38.90 11 09
-100.4600 16.7800 2018 10 26 1.85 7.00 11 37
-101.0400 17.3000 2018 10 26 1.78 36.20 12 44
-100.0000 16.9700 2018 10 26 2.76 7.30 14 16
-101.4700 17.3700 2018 10 26 2.68 33.00 15 09
-100.1000 16.9500 2018 10 26 3.50 26.30 15 24
-100.2500 16.8800 2018 10 26 3.12 10.00 17 50
-100.5400 16.9000 2018 10 26 2.47 1.00 17 50
-101.0500 17.3200 2018 10 26 1.66 3.00 18 49
-101.0700 17.2400 2018 10 26 2.77 36.20 19 07
-101.1700 17.2400 2018 10 26 1.75 46.30 19 52
-100.0000 16.9200 2018 10 26 3.90 5.00 19 54
-101.0800 17.2600 2018 10 26 1.82 7.00 19 59
-100.7800 17.3400 2018 10 26 3.90 30.70 20 57
-100.3800 17.0200 2018 10 26 2.95 19.00 21 04
-101.3800 17.3000 2018 10 26 2.41 33.00 21 19
-100.4100 16.9500 2018 10 26 3.80 11.90 21 35
-100.4100 16.9500 2018 10 26 2.20 11.90 21 38
-100.0000 16.9700 2018 10 26 2.72 7.30 22 15
-101.7600 17.4400 2018 10 26 2.55 4.20 22 44
-100.0000 16.9200 2018 10 26 -1.33 5.00 23 58
-100.6400 17.0600 2018 10 27 2.19 5.00 00 38
-100.0000 17.1900 2018 10 27 3.40 51.60 00 49
-101.4700 17.4400 2018 10 27 3.60 21.30 02 00
-101.0500 17.2300 2018 10 27 1.85 7.00 03 48
-101.4600 17.3600 2018 10 27 2.61 27.10 04 05
-100.4100 16.9500 2018 10 27 2.05 11.90 05 25
-100.7000 16.9100 2018 10 27 1.40 3.00 05 38
-100.4100 16.9500 2018 10 27 2.17 11.90 05 53
-101.0200 17.3200 2018 10 27 2.48 1.00 07 16
-101.4700 17.4400 2018 10 27 2.54 21.30 08 19
-100.0300 17.2000 2018 10 27 3.60 45.30 09 27
-100.3500 17.1900 2018 10 27 2.64 5.00 10 06
-100.7600 17.1500 2018 10 27 2.60 13.30 11 24
-101.3700 17.3900 2018 10 27 2.13 11.90 12 07
-100.3700 16.9000 2018 10 27 2.33 3.00 13 06
-101.0700 17.2700 2018 10 27 2.87 32.20 13 54
-100.9900 17.3200 2018 10 27 1.94 7.00 14 22
-100.8600 17.7300 2018 10 27 3.70 58.60 16 31
-100.3500 17.1900 2018 10 27 2.00 5.00 16 49
-100.6800 16.9900 2018 10 27 1.53 5.00 18 57
-101.7600 17.4400 2018 10 27 3.60 4.20 22 17
-101.5200 17.3100 2018 10 27 2.66 4.00 23 00
-101.4500 17.3800 2018 10 27 1.95 6.00 23 00
-101.1100 17.2900 2018 10 28 2.51 14.00 00 35
-101.0700 17.2400 2018 10 28 1.96 36.20 02 50
-101.6200 17.5000 2018 10 28 3.21 9.00 02 57
-100.9900 17.2900 2018 10 28 1.89 1.00 08 11
-101.4900 17.4000 2018 10 28 2.54 8.00 09 00
-101.5400 17.2500 2018 10 28 2.29 8.00 10 54
-101.6700 17.4500 2018 10 28 4.10 5.00 16 19
-101.6700 17.4500 2018 10 28 2.42 5.00 16 22
-101.6900 17.4600 2018 10 28 3.90 5.00 16 28
-101.0500 17.2600 2018 10 28 1.90 1.00 17 30
-100.7500 16.9500 2018 10 28 3.70 4.70 18 23
-100.7600 16.9500 2018 10 28 1.58 5.70 19 09
-100.7500 16.9500 2018 10 28 1.54 4.70 20 00
-101.2600 17.0800 2018 10 28 2.30 16.10 21 49
-100.1900 16.8500 2018 10 28 3.50 5.00 22 05
-100.8000 16.9000 2018 10 28 3.90 10.50 22 52
-100.7600 16.9500 2018 10 28 3.50 5.70 22 56
-100.5300 16.9900 2018 10 28 3.40 4.80 23 21
-100.7600 16.9500 2018 10 28 0.90 5.70 23 38
-100.7500 16.9500 2018 10 28 -0.02 4.70 23 52
-101.1000 17.1800 2018 10 29 1.13 38.20 00 23
-101.1500 17.5500 2018 10 29 3.12 57.70 01 05
-101.1700 17.2400 2018 10 29 2.51 46.30 01 06
-101.4100 17.1200 2018 10 29 2.27 4.70 01 06
-101.4800 17.6500 2018 10 29 2.30 42.50 01 22
-101.4200 17.3900 2018 10 29 2.04 31.40 01 22
-100.7500 16.9500 2018 10 29 1.59 4.70 01 46
-100.3400 17.2400 2018 10 29 1.93 43.30 01 59
-100.3700 16.8100 2018 10 29 1.98 1.00 02 00
-101.1500 17.3200 2018 10 29 2.60 9.20 02 27
-100.0900 17.1400 2018 10 29 2.73 47.30 02 46
-100.7500 16.9500 2018 10 29 1.76 4.70 04 17
-100.2500 16.9000 2018 10 29 3.20 29.20 06 36
-100.0400 17.0800 2018 10 29 4.00 25.60 06 43
-100.5600 16.9400 2018 10 29 4.53 26.00 06 43
-101.0200 17.2600 2018 10 29 1.84 5.00 10 01
-101.5100 17.7700 2018 10 29 2.87 36.50 13 52
-101.3300 17.3900 2018 10 29 2.64 5.00 13 52
-100.6700 16.9400 2018 10 29 1.36 9.00 16 40
-101.0200 17.2600 2018 10 29 1.56 5.00 18 04
-101.6700 17.4500 2018 10 29 2.45 5.00 18 43
-101.1200 17.4100 2018 10 29 2.74 17.20 19 18
-101.2600 17.3000 2018 10 29 2.63 9.60 19 18
-101.6300 17.3100 2018 10 29 2.25 6.00 20 38
-101.6000 17.2800 2018 10 29 2.37 14.00 22 51
-101.5700 17.3100 2018 10 29 2.41 8.00 22 51
-101.1200 17.4400 2018 10 29 2.39 17.20 23 36
-101.4500 17.1800 2018 10 30 1.97 15.60 00 47
-101.3700 17.3200 2018 10 30 2.41 24.00 01 23
-101.0700 17.1800 2018 10 30 2.01 6.20 01 56
-101.1700 17.0300 2018 10 30 2.31 12.10 02 45
-100.9900 17.3200 2018 10 30 2.17 7.00 02 46
-101.5500 16.9100 2018 10 30 2.71 11.00 03 05
-101.1200 17.2200 2018 10 30 2.07 18.00 04 29
-101.5500 17.2700 2018 10 30 2.51 3.00 05 14
-100.1900 16.8100 2018 10 30 3.70 15.60 06 21
-100.6900 17.2400 2018 10 30 2.73 41.40 06 47
-101.2600 17.3000 2018 10 30 3.13 7.60 07 26
-101.4200 16.6000 2018 10 30 3.80 16.00 08 38
-100.2000 16.8400 2018 10 30 3.60 8.50 08 50
-100.3900 17.1700 2018 10 30 2.05 43.00 09 19
-101.6300 17.3400 2018 10 30 2.38 14.00 10 20
-100.7300 17.0000 2018 10 30 1.41 9.00 10 41
-100.6100 17.1300 2018 10 30 3.34 11.00 11 19
-101.4300 17.3400 2018 10 30 2.82 0.00 11 59
-101.2700 17.3700 2018 10 30 2.80 19.00 16 34
-100.3500 17.1900 2018 10 30 1.92 5.00 17 25
-101.1800 17.1900 2018 10 30 2.57 14.00 19 52
-101.4500 17.1800 2018 10 30 3.09 15.60 20 45
-100.4400 16.8200 2018 10 30 2.57 10.50 20 47
-101.4500 17.1800 2018 10 30 3.50 15.60 20 47
-101.4500 17.1800 2018 10 30 2.59 15.60 21 07
-100.8400 17.3100 2018 10 30 3.60 8.80 22 44
-100.7600 16.9400 2018 10 30 1.70 -2.00 22 56
-101.6600 17.5200 2018 10 30 1.93 30.00 23 37
-101.3800 17.7100 2018 10 31 1.97 51.50 00 34
-100.1600 16.9400 2018 10 31 4.00 21.00 00 39
-100.1600 16.9400 2018 10 31 2.44 21.00 00 42
-101.0400 17.4600 2018 10 31 3.80 19.20 02 39
-101.5900 17.4400 2018 10 31 2.92 7.80 04 02
-101.0500 17.2900 2018 10 31 2.14 7.00 04 48
-100.2400 17.1100 2018 10 31 2.91 48.00 06 23
-101.1000 17.3400 2018 10 31 2.15 5.00 09 26
-100.4200 16.9200 2018 10 31 3.50 5.40 09 31
-101.4000 17.3500 2018 10 31 2.41 13.00 09 39
-100.1600 17.0000 2018 10 31 2.26 5.00 09 51
-101.3000 17.1500 2018 10 31 2.09 4.20 10 07
-101.3800 17.4100 2018 10 31 2.05 30.90 10 18
-100.0000 16.9400 2018 10 31 3.50 5.20 11 15
-100.3500 17.1900 2018 10 31 2.38 5.00 11 18
-100.3500 17.1900 2018 10 31 2.37 9.00 11 46
-101.4100 17.3400 2018 10 31 1.68 5.00 18 17
-100.6000 16.9000 2018 10 31 2.33 3.00 18 38
-100.2400 16.8800 2018 10 31 2.33 11.00 19 20
-101.1700 17.3300 2018 10 31 2.41 5.60 20 23
